[0, 148, 0, 0] : 0
[0, 139, 9, 0] : 0
[0, 139, 0, 9] : 0
[1, 139, 0, 0] : 0
[0, 135, 13, 0] : 0
[0, 126, 22, 0] : 0
[0, 126, 13, 9] : 0
[1, 126, 13, 0] : 0
[0, 135, 0, 13] : 0
[0, 126, 9, 13] : 0
[0, 126, 0, 22] : 0
[1, 126, 0, 13] : 0
[2, 126, 0, 0] : 0
[0, 134, 14, 0] : 0
[0, 125, 23, 0] : 0
[0, 125, 14, 9] : 0
[1, 125, 14, 0] : 0
[0, 121, 27, 0] : 0
[0, 112, 36, 0] : 0
[0, 112, 27, 9] : 0
[1, 112, 27, 0] : 0
[0, 121, 14, 13] : 0
[0, 112, 23, 13] : 0
[0, 112, 14, 22] : 0
[1, 112, 14, 13] : 0
[2, 112, 14, 0] : 0
[0, 134, 0, 14] : 0
[0, 125, 9, 14] : 0
[0, 125, 0, 23] : 0
[1, 125, 0, 14] : 0
[0, 121, 13, 14] : 0
[0, 112, 22, 14] : 0
[0, 112, 13, 23] : 0
[1, 112, 13, 14] : 0
[0, 121, 0, 27] : 0
[0, 112, 9, 27] : 0
[0, 112, 0, 36] : 0
[1, 112, 0, 27] : 0
[2, 112, 0, 14] : 0
[3, 112, 0, 0] : 0
[0, 133, 15, 0] : 0
[0, 124, 24, 0] : 0
[0, 124, 15, 9] : 0
[1, 124, 15, 0] : 0
[0, 120, 28, 0] : 0
[0, 111, 37, 0] : 0
[0, 111, 28, 9] : 0
[1, 111, 28, 0] : 0
[0, 120, 15, 13] : 0
[0, 111, 24, 13] : 0
[0, 111, 15, 22] : 0
[1, 111, 15, 13] : 0
[2, 111, 15, 0] : 0
[0, 119, 29, 0] : 0
[0, 110, 38, 0] : 0
[0, 110, 29, 9] : 0
[1, 110, 29, 0] : 0
[0, 106, 42, 0] : 0
[0, 97, 51, 0] : 0
[0, 97, 42, 9] : 0
[1, 97, 42, 0] : 0
[0, 106, 29, 13] : 0
[0, 97, 38, 13] : 0
[0, 97, 29, 22] : 0
[1, 97, 29, 13] : 0
[2, 97, 29, 0] : 0
[0, 119, 15, 14] : 0
[0, 110, 24, 14] : 0
[0, 110, 15, 23] : 0
[1, 110, 15, 14] : 0
[0, 106, 28, 14] : 0
[0, 97, 37, 14] : 0
[0, 97, 28, 23] : 0
[1, 97, 28, 14] : 0
[0, 106, 15, 27] : 0
[0, 97, 24, 27] : 0
[0, 97, 15, 36] : 0
[1, 97, 15, 27] : 0
[2, 97, 15, 14] : 0
[3, 97, 15, 0] : 0
[0, 133, 0, 15] : 0
[0, 124, 9, 15] : 0
[0, 124, 0, 24] : 0
[1, 124, 0, 15] : 0
[0, 120, 13, 15] : 0
[0, 111, 22, 15] : 0
[0, 111, 13, 24] : 0
[1, 111, 13, 15] : 0
[0, 120, 0, 28] : 0
[0, 111, 9, 28] : 0
[0, 111, 0, 37] : 0
[1, 111, 0, 28] : 0
[2, 111, 0, 15] : 0
[0, 119, 14, 15] : 0
[0, 110, 23, 15] : 0
[0, 110, 14, 24] : 0
[1, 110, 14, 15] : 0
[0, 106, 27, 15] : 0
[0, 97, 36, 15] : 0
[0, 97, 27, 24] : 0
[1, 97, 27, 15] : 0
[0, 106, 14, 28] : 0
[0, 97, 23, 28] : 0
[0, 97, 14, 37] : 0
[1, 97, 14, 28] : 0
[2, 97, 14, 15] : 0
[0, 119, 0, 29] : 0
[0, 110, 9, 29] : 0
[0, 110, 0, 38] : 0
[1, 110, 0, 29] : 0
[0, 106, 13, 29] : 0
[0, 97, 22, 29] : 0
[0, 97, 13, 38] : 0
[1, 97, 13, 29] : 0
[0, 106, 0, 42] : 0
[0, 97, 9, 42] : 0
[0, 97, 0, 51] : 0
[1, 97, 0, 42] : 0
[2, 97, 0, 29] : 0
[3, 97, 0, 15] : 0
[4, 97, 0, 0] : 0
[0, 129, 19, 0] : 0
[0, 120, 19, 9] : 0
[1, 120, 19, 0] : 0
[0, 116, 32, 0] : 0
[0, 107, 41, 0] : 0
[0, 107, 32, 9] : 0
[1, 107, 32, 0] : 0
[0, 116, 19, 13] : 0
[0, 107, 28, 13] : 0
[0, 107, 19, 22] : 0
[1, 107, 19, 13] : 0
[2, 107, 19, 0] : 0
[0, 115, 33, 0] : 0
[0, 106, 33, 9] : 0
[1, 106, 33, 0] : 0
[0, 102, 46, 0] : 0
[0, 93, 55, 0] : 0
[0, 93, 46, 9] : 0
[1, 93, 46, 0] : 0
[0, 102, 33, 13] : 0
[0, 93, 42, 13] : 0
[0, 93, 33, 22] : 0
[1, 93, 33, 13] : 0
[2, 93, 33, 0] : 0
[0, 115, 19, 14] : 0
[0, 106, 19, 23] : 0
[1, 106, 19, 14] : 0
[0, 102, 32, 14] : 0
[0, 93, 41, 14] : 0
[0, 93, 32, 23] : 0
[1, 93, 32, 14] : 0
[0, 102, 19, 27] : 0
[0, 93, 28, 27] : 0
[0, 93, 19, 36] : 0
[1, 93, 19, 27] : 0
[2, 93, 19, 14] : 0
[3, 93, 19, 0] : 0
[0, 114, 34, 0] : 0
[0, 105, 43, 0] : 0
[0, 105, 34, 9] : 0
[1, 105, 34, 0] : 0
[0, 101, 47, 0] : 0
[0, 92, 56, 0] : 0
[0, 92, 47, 9] : 0
[1, 92, 47, 0] : 0
[0, 101, 34, 13] : 0
[0, 92, 43, 13] : 0
[0, 92, 34, 22] : 0
[1, 92, 34, 13] : 0
[2, 92, 34, 0] : 0
[0, 100, 48, 0] : 0
[0, 91, 57, 0] : 0
[0, 91, 48, 9] : 0
[1, 91, 48, 0] : 0
[0, 87, 61, 0] : 0
[0, 78, 70, 0] : 0
[0, 78, 61, 9] : 0
[1, 78, 61, 0] : 0
[0, 87, 48, 13] : 0
[0, 78, 57, 13] : 0
[0, 78, 48, 22] : 0
[1, 78, 48, 13] : 0
[2, 78, 48, 0] : 0
[0, 100, 34, 14] : 0
[0, 91, 43, 14] : 0
[0, 91, 34, 23] : 0
[1, 91, 34, 14] : 0
[0, 87, 47, 14] : 0
[0, 78, 56, 14] : 0
[0, 78, 47, 23] : 0
[1, 78, 47, 14] : 0
[0, 87, 34, 27] : 0
[0, 78, 43, 27] : 0
[0, 78, 34, 36] : 0
[1, 78, 34, 27] : 0
[2, 78, 34, 14] : 0
[3, 78, 34, 0] : 0
[0, 114, 19, 15] : 0
[0, 105, 28, 15] : 0
[0, 105, 19, 24] : 0
[1, 105, 19, 15] : 0
[0, 101, 32, 15] : 0
[0, 92, 41, 15] : 0
[0, 92, 32, 24] : 0
[1, 92, 32, 15] : 0
[0, 101, 19, 28] : 0
[0, 92, 28, 28] : 0
[0, 92, 19, 37] : 0
[1, 92, 19, 28] : 0
[2, 92, 19, 15] : 0
[0, 100, 33, 15] : 0
[0, 91, 42, 15] : 0
[0, 91, 33, 24] : 0
[1, 91, 33, 15] : 0
[0, 87, 46, 15] : 0
[0, 78, 55, 15] : 0
[0, 78, 46, 24] : 0
[1, 78, 46, 15] : 0
[0, 87, 33, 28] : 0
[0, 78, 42, 28] : 0
[0, 78, 33, 37] : 0
[1, 78, 33, 28] : 0
[2, 78, 33, 15] : 0
[0, 100, 19, 29] : 0
[0, 91, 28, 29] : 0
[0, 91, 19, 38] : 0
[1, 91, 19, 29] : 0
[0, 87, 32, 29] : 0
[0, 78, 41, 29] : 0
[0, 78, 32, 38] : 0
[1, 78, 32, 29] : 0
[0, 87, 19, 42] : 0
[0, 78, 28, 42] : 0
[0, 78, 19, 51] : 0
[1, 78, 19, 42] : 0
[2, 78, 19, 29] : 0
[3, 78, 19, 15] : 0
[4, 78, 19, 0] : 0
[0, 129, 0, 19] : 0
[0, 120, 9, 19] : 0
[1, 120, 0, 19] : 0
[0, 116, 13, 19] : 0
[0, 107, 22, 19] : 0
[0, 107, 13, 28] : 0
[1, 107, 13, 19] : 0
[2, 107, 0, 19] : 0
[0, 115, 14, 19] : 0
[0, 106, 23, 19] : 0
[1, 106, 14, 19] : 0
[0, 102, 27, 19] : 0
[0, 93, 36, 19] : 0
[0, 93, 27, 28] : 0
[1, 93, 27, 19] : 0
[2, 93, 14, 19] : 0
[0, 115, 0, 33] : 0
[0, 106, 9, 33] : 0
[1, 106, 0, 33] : 0
[0, 102, 13, 33] : 0
[0, 93, 22, 33] : 0
[0, 93, 13, 42] : 0
[1, 93, 13, 33] : 0
[0, 102, 0, 46] : 0
[0, 93, 9, 46] : 0
[0, 93, 0, 55] : 0
[1, 93, 0, 46] : 0
[2, 93, 0, 33] : 0
[3, 93, 0, 19] : 0
[0, 114, 15, 19] : 0
[0, 105, 24, 19] : 0
[0, 105, 15, 28] : 0
[1, 105, 15, 19] : 0
[0, 101, 28, 19] : 0
[0, 92, 37, 19] : 0
[1, 92, 28, 19] : 0
[2, 92, 15, 19] : 0
[0, 100, 29, 19] : 0
[0, 91, 38, 19] : 0
[0, 91, 29, 28] : 0
[1, 91, 29, 19] : 0
[0, 87, 42, 19] : 0
[0, 78, 51, 19] : 0
[1, 78, 42, 19] : 0
[0, 87, 29, 32] : 0
[0, 78, 38, 32] : 0
[0, 78, 29, 41] : 0
[1, 78, 29, 32] : 0
[2, 78, 29, 19] : 0
[0, 100, 15, 33] : 0
[0, 91, 24, 33] : 0
[0, 91, 15, 42] : 0
[1, 91, 15, 33] : 0
[0, 87, 28, 33] : 0
[0, 78, 37, 33] : 0
[1, 78, 28, 33] : 0
[0, 87, 15, 46] : 0
[0, 78, 24, 46] : 0
[0, 78, 15, 55] : 0
[1, 78, 15, 46] : 0
[2, 78, 15, 33] : 0
[3, 78, 15, 19] : 0
[0, 114, 0, 34] : 0
[0, 105, 9, 34] : 0
[0, 105, 0, 43] : 0
[1, 105, 0, 34] : 0
[0, 101, 13, 34] : 0
[0, 92, 22, 34] : 0
[0, 92, 13, 43] : 0
[1, 92, 13, 34] : 0
[2, 92, 0, 34] : 0
[0, 100, 14, 34] : 0
[0, 91, 23, 34] : 0
[0, 91, 14, 43] : 0
[1, 91, 14, 34] : 0
[0, 87, 27, 34] : 0
[0, 78, 36, 34] : 0
[0, 78, 27, 43] : 0
[1, 78, 27, 34] : 0
[0, 87, 14, 47] : 0
[0, 78, 23, 47] : 0
[0, 78, 14, 56] : 0
[1, 78, 14, 47] : 0
[2, 78, 14, 34] : 0
[0, 100, 0, 48] : 0
[0, 91, 9, 48] : 0
[0, 91, 0, 57] : 0
[1, 91, 0, 48] : 0
[0, 87, 13, 48] : 0
[0, 78, 22, 48] : 0
[0, 78, 13, 57] : 0
[1, 78, 13, 48] : 0
[0, 87, 0, 61] : 0
[0, 78, 9, 61] : 0
[0, 78, 0, 70] : 0
[1, 78, 0, 61] : 0
[2, 78, 0, 48] : 0
[3, 78, 0, 34] : 0
[4, 78, 0, 19] : 0
[5, 78, 0, 0] : 0
[0, 128, 20, 0] : 0
[0, 119, 20, 9] : 0
[1, 119, 20, 0] : 0
[0, 115, 20, 13] : 0
[0, 106, 20, 22] : 0
[1, 106, 20, 13] : 0
[2, 106, 20, 0] : 0
[0, 114, 20, 14] : 0
[0, 105, 29, 14] : 0
[0, 105, 20, 23] : 0
[1, 105, 20, 14] : 0
[0, 101, 20, 27] : 0
[0, 92, 29, 27] : 0
[0, 92, 20, 36] : 0
[1, 92, 20, 27] : 0
[2, 92, 20, 14] : 0
[3, 92, 20, 0] : 0
[0, 113, 35, 0] : 0
[0, 104, 44, 0] : 0
[0, 104, 35, 9] : 0
[1, 104, 35, 0] : 0
[0, 100, 35, 13] : 0
[0, 91, 44, 13] : 0
[0, 91, 35, 22] : 0
[1, 91, 35, 13] : 0
[2, 91, 35, 0] : 0
[0, 99, 49, 0] : 0
[0, 90, 58, 0] : 0
[0, 90, 49, 9] : 0
[1, 90, 49, 0] : 0
[0, 86, 49, 13] : 0
[0, 77, 58, 13] : 0
[0, 77, 49, 22] : 0
[1, 77, 49, 13] : 0
[2, 77, 49, 0] : 0
[0, 99, 35, 14] : 0
[0, 90, 44, 14] : 0
[0, 90, 35, 23] : 0
[1, 90, 35, 14] : 0
[0, 86, 35, 27] : 0
[0, 77, 44, 27] : 0
[0, 77, 35, 36] : 0
[1, 77, 35, 27] : 0
[2, 77, 35, 14] : 0
[3, 77, 35, 0] : 0
[0, 113, 20, 15] : 0
[0, 104, 29, 15] : 0
[0, 104, 20, 24] : 0
[1, 104, 20, 15] : 0
[0, 100, 20, 28] : 0
[0, 91, 20, 37] : 0
[1, 91, 20, 28] : 0
[2, 91, 20, 15] : 0
[0, 99, 34, 15] : 0
[0, 90, 43, 15] : 0
[0, 90, 34, 24] : 0
[1, 90, 34, 15] : 0
[0, 86, 34, 28] : 0
[0, 77, 43, 28] : 0
[0, 77, 34, 37] : 0
[1, 77, 34, 28] : 0
[2, 77, 34, 15] : 0
[0, 99, 20, 29] : 0
[0, 90, 29, 29] : 0
[0, 90, 20, 38] : 0
[1, 90, 20, 29] : 0
[0, 86, 20, 42] : 0
[0, 77, 29, 42] : 0
[0, 77, 20, 51] : 0
[1, 77, 20, 42] : 0
[2, 77, 20, 29] : 0
[3, 77, 20, 15] : 0
[4, 77, 20, 0] : 0
[0, 109, 39, 0] : 0
[0, 100, 39, 9] : 0
[1, 100, 39, 0] : 0
[0, 96, 52, 0] : 0
[0, 87, 52, 9] : 0
[1, 87, 52, 0] : 0
[0, 96, 39, 13] : 0
[0, 87, 39, 22] : 0
[1, 87, 39, 13] : 0
[2, 87, 39, 0] : 0
[0, 95, 53, 0] : 0
[0, 86, 53, 9] : 0
[1, 86, 53, 0] : 0
[0, 82, 66, 0] : 0
[0, 73, 75, 0] : 0
[0, 73, 66, 9] : 0
[1, 73, 66, 0] : 0
[0, 82, 53, 13] : 0
[0, 73, 62, 13] : 0
[0, 73, 53, 22] : 0
[1, 73, 53, 13] : 0
[2, 73, 53, 0] : 0
[0, 95, 39, 14] : 0
[0, 86, 39, 23] : 0
[1, 86, 39, 14] : 0
[0, 82, 52, 14] : 0
[0, 73, 61, 14] : 0
[0, 73, 52, 23] : 0
[1, 73, 52, 14] : 0
[0, 82, 39, 27] : 0
[0, 73, 48, 27] : 0
[0, 73, 39, 36] : 0
[1, 73, 39, 27] : 0
[2, 73, 39, 14] : 0
[3, 73, 39, 0] : 0
[0, 94, 54, 0] : 0
[0, 85, 63, 0] : 0
[0, 85, 54, 9] : 0
[1, 85, 54, 0] : 0
[0, 81, 67, 0] : 0
[0, 72, 76, 0] : 0
[0, 72, 67, 9] : 0
[1, 72, 67, 0] : 0
[0, 81, 54, 13] : 0
[0, 72, 63, 13] : 0
[0, 72, 54, 22] : 0
[1, 72, 54, 13] : 0
[2, 72, 54, 0] : 0
[0, 80, 68, 0] : 0
[0, 71, 77, 0] : 0
[0, 71, 68, 9] : 0
[1, 71, 68, 0] : 0
[0, 67, 81, 0] : 0
[0, 58, 90, 0] : 0
[0, 58, 81, 9] : 0
[1, 58, 81, 0] : 0
[0, 67, 68, 13] : 0
[0, 58, 77, 13] : 0
[0, 58, 68, 22] : 0
[1, 58, 68, 13] : 0
[2, 58, 68, 0] : 0
[0, 80, 54, 14] : 0
[0, 71, 63, 14] : 0
[0, 71, 54, 23] : 0
[1, 71, 54, 14] : 0
[0, 67, 67, 14] : 0
[0, 58, 76, 14] : 0
[0, 58, 67, 23] : 0
[1, 58, 67, 14] : 0
[0, 67, 54, 27] : 0
[0, 58, 63, 27] : 0
[0, 58, 54, 36] : 0
[1, 58, 54, 27] : 0
[2, 58, 54, 14] : 0
[3, 58, 54, 0] : 0
[0, 94, 39, 15] : 0
[0, 85, 48, 15] : 0
[0, 85, 39, 24] : 0
[1, 85, 39, 15] : 0
[0, 81, 52, 15] : 0
[0, 72, 61, 15] : 0
[0, 72, 52, 24] : 0
[1, 72, 52, 15] : 0
[0, 81, 39, 28] : 0
[0, 72, 48, 28] : 0
[0, 72, 39, 37] : 0
[1, 72, 39, 28] : 0
[2, 72, 39, 15] : 0
[0, 80, 53, 15] : 0
[0, 71, 62, 15] : 0
[0, 71, 53, 24] : 0
[1, 71, 53, 15] : 0
[0, 67, 66, 15] : 0
[0, 58, 75, 15] : 0
[0, 58, 66, 24] : 0
[1, 58, 66, 15] : 0
[0, 67, 53, 28] : 0
[0, 58, 62, 28] : 0
[0, 58, 53, 37] : 0
[1, 58, 53, 28] : 0
[2, 58, 53, 15] : 0
[0, 80, 39, 29] : 0
[0, 71, 48, 29] : 0
[0, 71, 39, 38] : 0
[1, 71, 39, 29] : 0
[0, 67, 52, 29] : 0
[0, 58, 61, 29] : 0
[0, 58, 52, 38] : 0
[1, 58, 52, 29] : 0
[0, 67, 39, 42] : 0
[0, 58, 48, 42] : 0
[0, 58, 39, 51] : 0
[1, 58, 39, 42] : 0
[2, 58, 39, 29] : 0
[3, 58, 39, 15] : 0
[4, 58, 39, 0] : 0
[0, 109, 20, 19] : 0
[1, 100, 20, 19] : 0
[1, 87, 33, 19] : 0
[2, 87, 20, 19] : 0
[0, 95, 34, 19] : 0
[0, 86, 43, 19] : 0
[1, 86, 34, 19] : 0
[0, 82, 47, 19] : 0
[0, 73, 56, 19] : 0
[0, 73, 47, 28] : 0
[1, 73, 47, 19] : 0
[2, 73, 34, 19] : 0
[0, 95, 20, 33] : 0
[0, 86, 29, 33] : 0
[1, 86, 20, 33] : 0
[0, 82, 33, 33] : 0
[0, 73, 42, 33] : 0
[0, 73, 33, 42] : 0
[1, 73, 33, 33] : 0
[0, 82, 20, 46] : 0
[0, 73, 29, 46] : 0
[0, 73, 20, 55] : 0
[1, 73, 20, 46] : 0
[2, 73, 20, 33] : 0
[3, 73, 20, 19] : 0
[0, 94, 35, 19] : 0
[0, 85, 44, 19] : 0
[0, 85, 35, 28] : 0
[1, 85, 35, 19] : 0
[0, 81, 48, 19] : 0
[0, 72, 57, 19] : 0
[1, 72, 48, 19] : 0
[2, 72, 35, 19] : 0
[0, 80, 49, 19] : 0
[0, 71, 58, 19] : 0
[0, 71, 49, 28] : 0
[1, 71, 49, 19] : 0
[0, 67, 62, 19] : 0
[0, 58, 71, 19] : 0
[1, 58, 62, 19] : 0
[0, 67, 49, 32] : 0
[0, 58, 58, 32] : 0
[0, 58, 49, 41] : 0
[1, 58, 49, 32] : 0
[2, 58, 49, 19] : 0
[0, 80, 35, 33] : 0
[0, 71, 44, 33] : 0
[0, 71, 35, 42] : 0
[1, 71, 35, 33] : 0
[0, 67, 48, 33] : 0
[0, 58, 57, 33] : 0
[1, 58, 48, 33] : 0
[0, 67, 35, 46] : 0
[0, 58, 44, 46] : 0
[0, 58, 35, 55] : 0
[1, 58, 35, 46] : 0
[2, 58, 35, 33] : 0
[3, 58, 35, 19] : 0
[0, 94, 20, 34] : 0
[0, 85, 29, 34] : 0
[0, 85, 20, 43] : 0
[1, 85, 20, 34] : 0
[0, 81, 33, 34] : 0
[0, 72, 42, 34] : 0
[0, 72, 33, 43] : 0
[1, 72, 33, 34] : 0
[2, 72, 20, 34] : 0
[0, 80, 34, 34] : 0
[0, 71, 43, 34] : 0
[0, 71, 34, 43] : 0
[1, 71, 34, 34] : 0
[0, 67, 47, 34] : 0
[0, 58, 56, 34] : 0
[0, 58, 47, 43] : 0
[1, 58, 47, 34] : 0
[0, 67, 34, 47] : 0
[0, 58, 43, 47] : 0
[0, 58, 34, 56] : 0
[1, 58, 34, 47] : 0
[2, 58, 34, 34] : 0
[0, 80, 20, 48] : 0
[0, 71, 29, 48] : 0
[0, 71, 20, 57] : 0
[1, 71, 20, 48] : 0
[0, 67, 33, 48] : 0
[0, 58, 42, 48] : 0
[0, 58, 33, 57] : 0
[1, 58, 33, 48] : 0
[0, 67, 20, 61] : 0
[0, 58, 29, 61] : 0
[0, 58, 20, 70] : 0
[1, 58, 20, 61] : 0
[2, 58, 20, 48] : 0
[3, 58, 20, 34] : 0
[4, 58, 20, 19] : 0
[5, 58, 20, 0] : 0
[0, 128, 0, 20] : 0
[0, 119, 9, 20] : 0
[1, 119, 0, 20] : 0
[0, 115, 13, 20] : 0
[0, 106, 22, 20] : 0
[1, 106, 13, 20] : 0
[2, 106, 0, 20] : 0
[0, 114, 14, 20] : 0
[0, 105, 23, 20] : 0
[0, 105, 14, 29] : 0
[1, 105, 14, 20] : 0
[0, 101, 27, 20] : 0
[0, 92, 36, 20] : 0
[0, 92, 27, 29] : 0
[1, 92, 27, 20] : 0
[0, 101, 14, 33] : 0
[0, 92, 23, 33] : 0
[0, 92, 14, 42] : 0
[1, 92, 14, 33] : 0
[2, 92, 14, 20] : 0
[3, 92, 0, 20] : 0
[0, 113, 15, 20] : 0
[0, 104, 24, 20] : 0
[0, 104, 15, 29] : 0
[1, 104, 15, 20] : 0
[0, 100, 28, 20] : 0
[0, 91, 37, 20] : 0
[1, 91, 28, 20] : 0
[2, 91, 15, 20] : 0
[0, 99, 29, 20] : 0
[0, 90, 38, 20] : 0
[1, 90, 29, 20] : 0
[0, 86, 42, 20] : 0
[0, 77, 51, 20] : 0
[1, 77, 42, 20] : 0
[0, 77, 38, 33] : 0
[1, 77, 29, 33] : 0
[2, 77, 29, 20] : 0
[0, 99, 15, 34] : 0
[0, 90, 24, 34] : 0
[0, 90, 15, 43] : 0
[1, 90, 15, 34] : 0
[0, 86, 28, 34] : 0
[0, 77, 37, 34] : 0
[0, 77, 28, 43] : 0
[1, 77, 28, 34] : 0
[0, 77, 24, 47] : 0
[0, 77, 15, 56] : 0
[1, 77, 15, 47] : 0
[2, 77, 15, 34] : 0
[3, 77, 15, 20] : 0
[0, 113, 0, 35] : 0
[0, 104, 9, 35] : 0
[0, 104, 0, 44] : 0
[1, 104, 0, 35] : 0
[0, 100, 13, 35] : 0
[0, 91, 22, 35] : 0
[0, 91, 13, 44] : 0
[1, 91, 13, 35] : 0
[2, 91, 0, 35] : 0
[0, 99, 14, 35] : 0
[0, 90, 23, 35] : 0
[0, 90, 14, 44] : 0
[1, 90, 14, 35] : 0
[0, 86, 27, 35] : 0
[0, 77, 36, 35] : 0
[0, 77, 27, 44] : 0
[1, 77, 27, 35] : 0
[0, 86, 14, 48] : 0
[0, 77, 23, 48] : 0
[0, 77, 14, 57] : 0
[1, 77, 14, 48] : 0
[2, 77, 14, 35] : 0
[0, 99, 0, 49] : 0
[0, 90, 9, 49] : 0
[0, 90, 0, 58] : 0
[1, 90, 0, 49] : 0
[0, 86, 13, 49] : 0
[0, 77, 22, 49] : 0
[0, 77, 13, 58] : 0
[1, 77, 13, 49] : 0
[0, 86, 0, 62] : 0
[0, 77, 9, 62] : 0
[0, 77, 0, 71] : 0
[1, 77, 0, 62] : 0
[2, 77, 0, 49] : 0
[3, 77, 0, 35] : 0
[4, 77, 0, 20] : 0
[0, 109, 19, 20] : 0
[1, 100, 19, 20] : 0
[0, 96, 32, 20] : 0
[0, 87, 41, 20] : 0
[1, 87, 32, 20] : 0
[0, 96, 19, 33] : 0
[1, 87, 19, 33] : 0
[2, 87, 19, 20] : 0
[0, 95, 33, 20] : 0
[1, 86, 33, 20] : 0
[0, 82, 46, 20] : 0
[0, 73, 55, 20] : 0
[0, 73, 46, 29] : 0
[1, 73, 46, 20] : 0
[2, 73, 33, 20] : 0
[0, 95, 19, 34] : 0
[0, 86, 19, 43] : 0
[1, 86, 19, 34] : 0
[0, 82, 32, 34] : 0
[0, 73, 41, 34] : 0
[0, 73, 32, 43] : 0
[1, 73, 32, 34] : 0
[2, 73, 19, 34] : 0
[3, 73, 19, 20] : 0
[0, 94, 34, 20] : 0
[0, 85, 43, 20] : 0
[0, 85, 34, 29] : 0
[1, 85, 34, 20] : 0
[0, 81, 47, 20] : 0
[0, 72, 56, 20] : 0
[0, 72, 47, 29] : 0
[1, 72, 47, 20] : 0
[0, 81, 34, 33] : 0
[0, 72, 43, 33] : 0
[0, 72, 34, 42] : 0
[1, 72, 34, 33] : 0
[2, 72, 34, 20] : 0
[0, 80, 48, 20] : 0
[0, 71, 57, 20] : 0
[1, 71, 48, 20] : 0
[0, 67, 61, 20] : 0
[0, 58, 70, 20] : 0
[1, 58, 61, 20] : 0
[2, 58, 48, 20] : 0
[3, 58, 34, 20] : 0
[0, 94, 19, 35] : 0
[0, 85, 28, 35] : 0
[0, 85, 19, 44] : 0
[1, 85, 19, 35] : 0
[0, 81, 32, 35] : 0
[0, 72, 41, 35] : 0
[0, 72, 32, 44] : 0
[1, 72, 32, 35] : 0
[0, 81, 19, 48] : 0
[0, 72, 28, 48] : 0
[0, 72, 19, 57] : 0
[1, 72, 19, 48] : 0
[2, 72, 19, 35] : 0
[0, 80, 33, 35] : 0
[0, 71, 42, 35] : 0
[0, 71, 33, 44] : 0
[1, 71, 33, 35] : 0
[0, 67, 46, 35] : 0
[0, 58, 55, 35] : 0
[0, 58, 46, 44] : 0
[1, 58, 46, 35] : 0
[2, 58, 33, 35] : 0
[0, 80, 19, 49] : 0
[0, 71, 28, 49] : 0
[0, 71, 19, 58] : 0
[1, 71, 19, 49] : 0
[0, 67, 32, 49] : 0
[0, 58, 41, 49] : 0
[0, 58, 32, 58] : 0
[1, 58, 32, 49] : 0
[0, 67, 19, 62] : 0
[0, 58, 28, 62] : 0
[0, 58, 19, 71] : 0
[1, 58, 19, 62] : 0
[2, 58, 19, 49] : 0
[3, 58, 19, 35] : 0
[4, 58, 19, 20] : 0
[0, 109, 0, 39] : 0
[0, 100, 9, 39] : 0
[1, 100, 0, 39] : 0
[0, 96, 13, 39] : 0
[0, 87, 22, 39] : 0
[1, 87, 13, 39] : 0
[2, 87, 0, 39] : 0
[0, 95, 14, 39] : 0
[0, 86, 23, 39] : 0
[1, 86, 14, 39] : 0
[0, 82, 27, 39] : 0
[0, 73, 36, 39] : 0
[0, 73, 27, 48] : 0
[1, 73, 27, 39] : 0
[2, 73, 14, 39] : 0
[0, 95, 0, 53] : 0
[0, 86, 9, 53] : 0
[1, 86, 0, 53] : 0
[0, 82, 13, 53] : 0
[0, 73, 22, 53] : 0
[0, 73, 13, 62] : 0
[1, 73, 13, 53] : 0
[2, 73, 0, 53] : 0
[3, 73, 0, 39] : 0
[0, 94, 15, 39] : 0
[0, 85, 24, 39] : 0
[0, 85, 15, 48] : 0
[1, 85, 15, 39] : 0
[0, 81, 28, 39] : 0
[0, 72, 37, 39] : 0
[1, 72, 28, 39] : 0
[2, 72, 15, 39] : 0
[0, 80, 29, 39] : 0
[0, 71, 38, 39] : 0
[1, 71, 29, 39] : 0
[0, 67, 42, 39] : 0
[0, 58, 51, 39] : 0
[1, 58, 42, 39] : 0
[0, 67, 29, 52] : 0
[0, 58, 38, 52] : 0
[1, 58, 29, 52] : 0
[2, 58, 29, 39] : 0
[0, 80, 15, 53] : 0
[0, 71, 24, 53] : 0
[0, 71, 15, 62] : 0
[1, 71, 15, 53] : 0
[0, 67, 28, 53] : 0
[0, 58, 37, 53] : 0
[1, 58, 28, 53] : 0
[0, 67, 15, 66] : 0
[0, 58, 24, 66] : 0
[0, 58, 15, 75] : 0
[1, 58, 15, 66] : 0
[2, 58, 15, 53] : 0
[3, 58, 15, 39] : 0
[0, 85, 9, 54] : 0
[0, 85, 0, 63] : 0
[1, 85, 0, 54] : 0
[0, 81, 13, 54] : 0
[0, 72, 22, 54] : 0
[0, 72, 13, 63] : 0
[1, 72, 13, 54] : 0
[2, 72, 0, 54] : 0
[0, 80, 14, 54] : 0
[0, 71, 23, 54] : 0
[0, 71, 14, 63] : 0
[1, 71, 14, 54] : 0
[0, 67, 27, 54] : 0
[0, 58, 36, 54] : 0
[0, 58, 27, 63] : 0
[1, 58, 27, 54] : 0
[0, 67, 14, 67] : 0
[0, 58, 23, 67] : 0
[0, 58, 14, 76] : 0
[1, 58, 14, 67] : 0
[2, 58, 14, 54] : 0
[0, 80, 0, 68] : 0
[0, 71, 9, 68] : 0
[0, 71, 0, 77] : 0
[1, 71, 0, 68] : 0
[0, 67, 13, 68] : 0
[0, 58, 22, 68] : 0
[0, 58, 13, 77] : 0
[1, 58, 13, 68] : 0
[0, 67, 0, 81] : 0
[0, 58, 9, 81] : 0
[0, 58, 0, 90] : 0
[1, 58, 0, 81] : 0
[2, 58, 0, 68] : 0
[3, 58, 0, 54] : 0
[4, 58, 0, 39] : 0
[5, 58, 0, 20] : 0
[6, 58, 0, 0] : 0
[0, 98, 50, 0] : 0
[0, 98, 41, 9] : 0
[1, 98, 41, 0] : 0
[0, 98, 37, 13] : 0
[0, 98, 28, 22] : 0
[1, 98, 28, 13] : 0
[2, 98, 28, 0] : 0
[0, 84, 64, 0] : 0
[0, 84, 55, 9] : 0
[1, 84, 55, 0] : 0
[0, 84, 51, 13] : 0
[1, 84, 42, 13] : 0
[2, 84, 42, 0] : 0
[0, 84, 50, 14] : 0
[0, 84, 41, 23] : 0
[1, 84, 41, 14] : 0
[0, 84, 37, 27] : 0
[0, 84, 28, 36] : 0
[1, 84, 28, 27] : 0
[2, 84, 28, 14] : 0
[3, 84, 28, 0] : 0
[0, 96, 43, 9] : 0
[1, 96, 43, 0] : 0
[0, 83, 65, 0] : 0
[0, 83, 56, 9] : 0
[1, 83, 56, 0] : 0
[0, 83, 52, 13] : 0
[0, 83, 43, 22] : 0
[1, 83, 43, 13] : 0
[2, 83, 43, 0] : 0
[0, 82, 57, 9] : 0
[1, 82, 57, 0] : 0
[0, 69, 79, 0] : 0
[0, 69, 70, 9] : 0
[1, 69, 70, 0] : 0
[0, 69, 57, 22] : 0
[1, 69, 57, 13] : 0
[2, 69, 57, 0] : 0
[0, 82, 43, 23] : 0
[1, 82, 43, 14] : 0
[0, 69, 65, 14] : 0
[0, 69, 56, 23] : 0
[1, 69, 56, 14] : 0
[0, 69, 52, 27] : 0
[0, 69, 43, 36] : 0
[1, 69, 43, 27] : 0
[2, 69, 43, 14] : 0
[3, 69, 43, 0] : 0
[0, 96, 37, 15] : 0
[0, 96, 28, 24] : 0
[1, 96, 28, 15] : 0
[0, 83, 50, 15] : 0
[0, 83, 41, 24] : 0
[1, 83, 41, 15] : 0
[0, 83, 37, 28] : 0
[0, 83, 28, 37] : 0
[1, 83, 28, 28] : 0
[2, 83, 28, 15] : 0
[0, 82, 51, 15] : 0
[0, 82, 42, 24] : 0
[1, 82, 42, 15] : 0
[0, 69, 64, 15] : 0
[0, 69, 55, 24] : 0
[1, 69, 55, 15] : 0
[0, 69, 51, 28] : 0
[0, 69, 42, 37] : 0
[1, 69, 42, 28] : 0
[2, 69, 42, 15] : 0
[0, 82, 37, 29] : 0
[0, 82, 28, 38] : 0
[1, 82, 28, 29] : 0
[0, 69, 50, 29] : 0
[0, 69, 41, 38] : 0
[1, 69, 41, 29] : 0
[0, 69, 37, 42] : 0
[0, 69, 28, 51] : 0
[1, 69, 28, 42] : 0
[2, 69, 28, 29] : 0
[3, 69, 28, 15] : 0
[4, 69, 28, 0] : 0
[0, 88, 60, 0] : 0
[0, 79, 69, 0] : 0
[0, 79, 60, 9] : 0
[1, 79, 60, 0] : 0
[0, 88, 47, 13] : 0
[0, 79, 56, 13] : 0
[1, 79, 47, 13] : 0
[2, 79, 47, 0] : 0
[0, 74, 74, 0] : 0
[0, 65, 83, 0] : 0
[0, 65, 74, 9] : 0
[1, 65, 74, 0] : 0
[0, 74, 61, 13] : 0
[0, 65, 70, 13] : 0
[0, 65, 61, 22] : 0
[1, 65, 61, 13] : 0
[2, 65, 61, 0] : 0
[0, 74, 60, 14] : 0
[0, 65, 69, 14] : 0
[0, 65, 60, 23] : 0
[1, 65, 60, 14] : 0
[0, 74, 47, 27] : 0
[0, 65, 56, 27] : 0
[0, 65, 47, 36] : 0
[1, 65, 47, 27] : 0
[2, 65, 47, 14] : 0
[3, 65, 47, 0] : 0
[0, 64, 84, 0] : 0
[0, 64, 75, 9] : 0
[1, 64, 75, 0] : 0
[0, 64, 71, 13] : 0
[0, 64, 62, 22] : 0
[1, 64, 62, 13] : 0
[2, 64, 62, 0] : 0
[0, 63, 85, 0] : 0
[0, 63, 76, 9] : 0
[1, 63, 76, 0] : 0
[0, 59, 89, 0] : 0
[0, 50, 98, 0] : 0
[0, 50, 89, 9] : 0
[1, 50, 89, 0] : 0
[0, 59, 76, 13] : 0
[0, 50, 85, 13] : 0
[0, 50, 76, 22] : 0
[1, 50, 76, 13] : 0
[2, 50, 76, 0] : 0
[0, 63, 71, 14] : 0
[0, 63, 62, 23] : 0
[1, 63, 62, 14] : 0
[0, 59, 75, 14] : 0
[0, 50, 84, 14] : 0
[0, 50, 75, 23] : 0
[1, 50, 75, 14] : 0
[0, 59, 62, 27] : 0
[0, 50, 71, 27] : 0
[0, 50, 62, 36] : 0
[1, 50, 62, 27] : 0
[2, 50, 62, 14] : 0
[3, 50, 62, 0] : 0
[0, 73, 60, 15] : 0
[0, 64, 69, 15] : 0
[0, 64, 60, 24] : 0
[1, 64, 60, 15] : 0
[0, 64, 56, 28] : 0
[0, 64, 47, 37] : 0
[1, 64, 47, 28] : 0
[2, 64, 47, 15] : 0
[0, 63, 70, 15] : 0
[0, 63, 61, 24] : 0
[1, 63, 61, 15] : 0
[0, 59, 74, 15] : 0
[0, 50, 83, 15] : 0
[0, 50, 74, 24] : 0
[1, 50, 74, 15] : 0
[0, 59, 61, 28] : 0
[0, 50, 70, 28] : 0
[0, 50, 61, 37] : 0
[1, 50, 61, 28] : 0
[2, 50, 61, 15] : 0
[0, 63, 56, 29] : 0
[0, 63, 47, 38] : 0
[1, 63, 47, 29] : 0
[0, 59, 60, 29] : 0
[0, 50, 69, 29] : 0
[0, 50, 60, 38] : 0
[1, 50, 60, 29] : 0
[0, 59, 47, 42] : 0
[0, 50, 56, 42] : 0
[0, 50, 47, 51] : 0
[1, 50, 47, 42] : 0
[2, 50, 47, 29] : 0
[3, 50, 47, 15] : 0
[4, 50, 47, 0] : 0
[0, 88, 41, 19] : 0
[0, 79, 50, 19] : 0
[0, 79, 41, 28] : 0
[1, 79, 41, 19] : 0
[2, 79, 28, 19] : 0
[0, 74, 55, 19] : 0
[0, 65, 64, 19] : 0
[0, 65, 55, 28] : 0
[1, 65, 55, 19] : 0
[2, 65, 42, 19] : 0
[0, 74, 41, 33] : 0
[0, 65, 50, 33] : 0
[0, 65, 41, 42] : 0
[1, 65, 41, 33] : 0
[0, 65, 37, 46] : 0
[0, 65, 28, 55] : 0
[1, 65, 28, 46] : 0
[2, 65, 28, 33] : 0
[3, 65, 28, 19] : 0
[1, 77, 43, 19] : 0
[0, 64, 65, 19] : 0
[1, 64, 56, 19] : 0
[2, 64, 43, 19] : 0
[0, 63, 66, 19] : 0
[0, 63, 57, 28] : 0
[1, 63, 57, 19] : 0
[0, 59, 70, 19] : 0
[0, 50, 79, 19] : 0
[1, 50, 70, 19] : 0
[0, 50, 66, 32] : 0
[0, 50, 57, 41] : 0
[1, 50, 57, 32] : 0
[2, 50, 57, 19] : 0
[0, 63, 52, 33] : 0
[0, 63, 43, 42] : 0
[1, 63, 43, 33] : 0
[0, 59, 56, 33] : 0
[0, 50, 65, 33] : 0
[1, 50, 56, 33] : 0
[0, 50, 52, 46] : 0
[0, 50, 43, 55] : 0
[1, 50, 43, 46] : 0
[2, 50, 43, 33] : 0
[3, 50, 43, 19] : 0
[0, 64, 50, 34] : 0
[0, 64, 41, 43] : 0
[1, 64, 41, 34] : 0
[2, 64, 28, 34] : 0
[0, 63, 51, 34] : 0
[0, 63, 42, 43] : 0
[1, 63, 42, 34] : 0
[0, 59, 55, 34] : 0
[0, 50, 64, 34] : 0
[0, 50, 55, 43] : 0
[1, 50, 55, 34] : 0
[0, 50, 51, 47] : 0
[0, 50, 42, 56] : 0
[1, 50, 42, 47] : 0
[2, 50, 42, 34] : 0
[0, 63, 37, 48] : 0
[0, 63, 28, 57] : 0
[1, 63, 28, 48] : 0
[0, 59, 41, 48] : 0
[0, 50, 50, 48] : 0
[0, 50, 41, 57] : 0
[1, 50, 41, 48] : 0
[0, 50, 37, 61] : 0
[0, 50, 28, 70] : 0
[1, 50, 28, 61] : 0
[2, 50, 28, 48] : 0
[3, 50, 28, 34] : 0
[4, 50, 28, 19] : 0
[5, 50, 28, 0] : 0
[0, 64, 57, 27] : 0
[0, 64, 48, 36] : 0
[1, 64, 48, 27] : 0
[2, 64, 48, 14] : 0
[3, 64, 48, 0] : 0
[0, 76, 72, 0] : 0
[0, 76, 63, 9] : 0
[1, 76, 63, 0] : 0
[0, 63, 72, 13] : 0
[0, 63, 63, 22] : 0
[1, 63, 63, 13] : 0
[2, 63, 63, 0] : 0
[0, 62, 86, 0] : 0
[0, 62, 77, 9] : 0
[1, 62, 77, 0] : 0
[0, 49, 86, 13] : 0
[0, 49, 77, 22] : 0
[1, 49, 77, 13] : 0
[2, 49, 77, 0] : 0
[0, 62, 72, 14] : 0
[0, 62, 63, 23] : 0
[1, 62, 63, 14] : 0
[0, 49, 72, 27] : 0
[0, 49, 63, 36] : 0
[1, 49, 63, 27] : 0
[2, 49, 63, 14] : 0
[3, 49, 63, 0] : 0
[0, 63, 48, 37] : 0
[1, 63, 48, 28] : 0
[2, 63, 48, 15] : 0
[0, 62, 71, 15] : 0
[0, 62, 62, 24] : 0
[1, 62, 62, 15] : 0
[0, 49, 71, 28] : 0
[0, 49, 62, 37] : 0
[1, 49, 62, 28] : 0
[2, 49, 62, 15] : 0
[0, 62, 57, 29] : 0
[0, 62, 48, 38] : 0
[1, 62, 48, 29] : 0
[0, 49, 57, 42] : 0
[0, 49, 48, 51] : 0
[1, 49, 48, 42] : 0
[2, 49, 48, 29] : 0
[3, 49, 48, 15] : 0
[4, 49, 48, 0] : 0
[0, 68, 80, 0] : 0
[0, 59, 80, 9] : 0
[1, 59, 80, 0] : 0
[0, 68, 67, 13] : 0
[0, 59, 67, 22] : 0
[1, 59, 67, 13] : 0
[2, 59, 67, 0] : 0
[0, 54, 94, 0] : 0
[0, 45, 103, 0] : 0
[0, 45, 94, 9] : 0
[1, 45, 94, 0] : 0
[0, 54, 81, 13] : 0
[0, 45, 90, 13] : 0
[0, 45, 81, 22] : 0
[1, 45, 81, 13] : 0
[2, 45, 81, 0] : 0
[0, 54, 80, 14] : 0
[0, 45, 89, 14] : 0
[0, 45, 80, 23] : 0
[1, 45, 80, 14] : 0
[0, 54, 67, 27] : 0
[0, 45, 76, 27] : 0
[0, 45, 67, 36] : 0
[1, 45, 67, 27] : 0
[2, 45, 67, 14] : 0
[3, 45, 67, 0] : 0
[0, 53, 95, 0] : 0
[0, 44, 104, 0] : 0
[0, 44, 95, 9] : 0
[1, 44, 95, 0] : 0
[0, 53, 82, 13] : 0
[0, 44, 91, 13] : 0
[0, 44, 82, 22] : 0
[1, 44, 82, 13] : 0
[2, 44, 82, 0] : 0
[0, 52, 96, 0] : 0
[0, 43, 105, 0] : 0
[0, 43, 96, 9] : 0
[1, 43, 96, 0] : 0
[0, 39, 109, 0] : 0
[0, 30, 118, 0] : 0
[0, 30, 109, 9] : 0
[1, 30, 109, 0] : 0
[0, 39, 96, 13] : 0
[0, 30, 105, 13] : 0
[0, 30, 96, 22] : 0
[1, 30, 96, 13] : 0
[2, 30, 96, 0] : 0
[0, 52, 82, 14] : 0
[0, 43, 91, 14] : 0
[0, 43, 82, 23] : 0
[1, 43, 82, 14] : 0
[0, 39, 95, 14] : 0
[0, 30, 104, 14] : 0
[0, 30, 95, 23] : 0
[1, 30, 95, 14] : 0
[0, 39, 82, 27] : 0
[0, 30, 91, 27] : 0
[0, 30, 82, 36] : 0
[1, 30, 82, 27] : 0
[2, 30, 82, 14] : 0
[3, 30, 82, 0] : 0
[0, 53, 80, 15] : 0
[0, 44, 89, 15] : 0
[0, 44, 80, 24] : 0
[1, 44, 80, 15] : 0
[0, 53, 67, 28] : 0
[0, 44, 76, 28] : 0
[0, 44, 67, 37] : 0
[1, 44, 67, 28] : 0
[2, 44, 67, 15] : 0
[0, 52, 81, 15] : 0
[0, 43, 90, 15] : 0
[0, 43, 81, 24] : 0
[1, 43, 81, 15] : 0
[0, 39, 94, 15] : 0
[0, 30, 103, 15] : 0
[0, 30, 94, 24] : 0
[1, 30, 94, 15] : 0
[0, 39, 81, 28] : 0
[0, 30, 90, 28] : 0
[0, 30, 81, 37] : 0
[1, 30, 81, 28] : 0
[2, 30, 81, 15] : 0
[0, 52, 67, 29] : 0
[0, 43, 76, 29] : 0
[0, 43, 67, 38] : 0
[1, 43, 67, 29] : 0
[0, 39, 80, 29] : 0
[0, 30, 89, 29] : 0
[0, 30, 80, 38] : 0
[1, 30, 80, 29] : 0
[0, 39, 67, 42] : 0
[0, 30, 76, 42] : 0
[0, 30, 67, 51] : 0
[1, 30, 67, 42] : 0
[2, 30, 67, 29] : 0
[3, 30, 67, 15] : 0
[4, 30, 67, 0] : 0
[1, 59, 61, 19] : 0
[2, 59, 48, 19] : 0
[0, 54, 75, 19] : 0
[0, 45, 84, 19] : 0
[0, 45, 75, 28] : 0
[1, 45, 75, 19] : 0
[2, 45, 62, 19] : 0
[0, 54, 61, 33] : 0
[0, 45, 70, 33] : 0
[0, 45, 61, 42] : 0
[1, 45, 61, 33] : 0
[0, 54, 48, 46] : 0
[0, 45, 57, 46] : 0
[0, 45, 48, 55] : 0
[1, 45, 48, 46] : 0
[2, 45, 48, 33] : 0
[3, 45, 48, 19] : 0
[0, 66, 63, 19] : 0
[0, 57, 63, 28] : 0
[1, 57, 63, 19] : 0
[0, 53, 76, 19] : 0
[0, 44, 85, 19] : 0
[1, 44, 76, 19] : 0
[2, 44, 63, 19] : 0
[0, 52, 77, 19] : 0
[0, 43, 86, 19] : 0
[0, 43, 77, 28] : 0
[1, 43, 77, 19] : 0
[0, 39, 90, 19] : 0
[0, 30, 99, 19] : 0
[1, 30, 90, 19] : 0
[0, 39, 77, 32] : 0
[0, 30, 86, 32] : 0
[0, 30, 77, 41] : 0
[1, 30, 77, 32] : 0
[2, 30, 77, 19] : 0
[0, 52, 63, 33] : 0
[0, 43, 72, 33] : 0
[0, 43, 63, 42] : 0
[1, 43, 63, 33] : 0
[0, 39, 76, 33] : 0
[0, 30, 85, 33] : 0
[1, 30, 76, 33] : 0
[0, 39, 63, 46] : 0
[0, 30, 72, 46] : 0
[0, 30, 63, 55] : 0
[1, 30, 63, 46] : 0
[2, 30, 63, 33] : 0
[3, 30, 63, 19] : 0
[0, 53, 61, 34] : 0
[0, 44, 70, 34] : 0
[0, 44, 61, 43] : 0
[1, 44, 61, 34] : 0
[2, 44, 48, 34] : 0
[0, 52, 62, 34] : 0
[0, 43, 71, 34] : 0
[0, 43, 62, 43] : 0
[1, 43, 62, 34] : 0
[0, 39, 75, 34] : 0
[0, 30, 84, 34] : 0
[0, 30, 75, 43] : 0
[1, 30, 75, 34] : 0
[0, 39, 62, 47] : 0
[0, 30, 71, 47] : 0
[0, 30, 62, 56] : 0
[1, 30, 62, 47] : 0
[2, 30, 62, 34] : 0
[0, 52, 48, 48] : 0
[0, 43, 57, 48] : 0
[0, 43, 48, 57] : 0
[1, 43, 48, 48] : 0
[0, 39, 61, 48] : 0
[0, 30, 70, 48] : 0
[0, 30, 61, 57] : 0
[1, 30, 61, 48] : 0
[0, 39, 48, 61] : 0
[0, 30, 57, 61] : 0
[0, 30, 48, 70] : 0
[1, 30, 48, 61] : 0
[2, 30, 48, 48] : 0
[3, 30, 48, 34] : 0
[4, 30, 48, 19] : 0
[5, 30, 48, 0] : 0
[0, 78, 50, 20] : 0
[1, 78, 41, 20] : 0
[2, 78, 28, 20] : 0
[0, 64, 64, 20] : 0
[0, 64, 55, 29] : 0
[1, 64, 55, 20] : 0
[0, 64, 51, 33] : 0
[0, 64, 42, 42] : 0
[1, 64, 42, 33] : 0
[2, 64, 42, 20] : 0
[3, 64, 28, 20] : 0
[0, 76, 52, 20] : 0
[0, 76, 43, 29] : 0
[1, 76, 43, 20] : 0
[0, 63, 65, 20] : 0
[1, 63, 56, 20] : 0
[2, 63, 43, 20] : 0
[0, 62, 66, 20] : 0
[1, 62, 57, 20] : 0
[0, 49, 79, 20] : 0
[1, 49, 70, 20] : 0
[0, 49, 66, 33] : 0
[1, 49, 57, 33] : 0
[2, 49, 57, 20] : 0
[0, 62, 52, 34] : 0
[0, 62, 43, 43] : 0
[1, 62, 43, 34] : 0
[0, 49, 65, 34] : 0
[0, 49, 56, 43] : 0
[1, 49, 56, 34] : 0
[0, 49, 52, 47] : 0
[0, 49, 43, 56] : 0
[1, 49, 43, 47] : 0
[2, 49, 43, 34] : 0
[3, 49, 43, 20] : 0
[0, 76, 37, 35] : 0
[0, 76, 28, 44] : 0
[1, 76, 28, 35] : 0
[0, 63, 50, 35] : 0
[0, 63, 41, 44] : 0
[1, 63, 41, 35] : 0
[2, 63, 28, 35] : 0
[0, 62, 51, 35] : 0
[0, 62, 42, 44] : 0
[1, 62, 42, 35] : 0
[0, 49, 64, 35] : 0
[0, 49, 55, 44] : 0
[1, 49, 55, 35] : 0
[0, 49, 51, 48] : 0
[0, 49, 42, 57] : 0
[1, 49, 42, 48] : 0
[2, 49, 42, 35] : 0
[0, 62, 37, 49] : 0
[0, 62, 28, 58] : 0
[1, 62, 28, 49] : 0
[0, 49, 50, 49] : 0
[0, 49, 41, 58] : 0
[1, 49, 41, 49] : 0
[0, 49, 37, 62] : 0
[0, 49, 28, 71] : 0
[1, 49, 28, 62] : 0
[2, 49, 28, 49] : 0
[3, 49, 28, 35] : 0
[4, 49, 28, 20] : 0
[0, 68, 60, 20] : 0
[0, 59, 69, 20] : 0
[1, 59, 60, 20] : 0
[0, 68, 47, 33] : 0
[1, 59, 47, 33] : 0
[2, 59, 47, 20] : 0
[0, 54, 74, 20] : 0
[0, 45, 83, 20] : 0
[0, 45, 74, 29] : 0
[1, 45, 74, 20] : 0
[2, 45, 61, 20] : 0
[0, 54, 60, 34] : 0
[0, 45, 69, 34] : 0
[0, 45, 60, 43] : 0
[1, 45, 60, 34] : 0
[2, 45, 47, 34] : 0
[3, 45, 47, 20] : 0
[0, 53, 75, 20] : 0
[0, 44, 84, 20] : 0
[0, 44, 75, 29] : 0
[1, 44, 75, 20] : 0
[0, 53, 62, 33] : 0
[0, 44, 71, 33] : 0
[0, 44, 62, 42] : 0
[1, 44, 62, 33] : 0
[2, 44, 62, 20] : 0
[0, 52, 76, 20] : 0
[0, 43, 85, 20] : 0
[1, 43, 76, 20] : 0
[0, 39, 89, 20] : 0
[0, 30, 98, 20] : 0
[1, 30, 89, 20] : 0
[2, 30, 76, 20] : 0
[3, 30, 62, 20] : 0
[0, 53, 60, 35] : 0
[0, 44, 69, 35] : 0
[0, 44, 60, 44] : 0
[1, 44, 60, 35] : 0
[0, 53, 47, 48] : 0
[0, 44, 56, 48] : 0
[0, 44, 47, 57] : 0
[1, 44, 47, 48] : 0
[2, 44, 47, 35] : 0
[0, 52, 61, 35] : 0
[0, 43, 70, 35] : 0
[0, 43, 61, 44] : 0
[1, 43, 61, 35] : 0
[0, 39, 74, 35] : 0
[0, 30, 83, 35] : 0
[0, 30, 74, 44] : 0
[1, 30, 74, 35] : 0
[2, 30, 61, 35] : 0
[0, 52, 47, 49] : 0
[0, 43, 56, 49] : 0
[0, 43, 47, 58] : 0
[1, 43, 47, 49] : 0
[0, 39, 60, 49] : 0
[0, 30, 69, 49] : 0
[0, 30, 60, 58] : 0
[1, 30, 60, 49] : 0
[0, 39, 47, 62] : 0
[0, 30, 56, 62] : 0
[0, 30, 47, 71] : 0
[1, 30, 47, 62] : 0
[2, 30, 47, 49] : 0
[3, 30, 47, 35] : 0
[4, 30, 47, 20] : 0
[0, 68, 41, 39] : 0
[0, 59, 50, 39] : 0
[1, 59, 41, 39] : 0
[2, 59, 28, 39] : 0
[0, 54, 55, 39] : 0
[0, 45, 64, 39] : 0
[0, 45, 55, 48] : 0
[1, 45, 55, 39] : 0
[2, 45, 42, 39] : 0
[0, 54, 41, 53] : 0
[0, 45, 50, 53] : 0
[0, 45, 41, 62] : 0
[1, 45, 41, 53] : 0
[2, 45, 28, 53] : 0
[3, 45, 28, 39] : 0
[0, 66, 43, 39] : 0
[0, 57, 43, 48] : 0
[1, 57, 43, 39] : 0
[0, 53, 56, 39] : 0
[0, 44, 65, 39] : 0
[1, 44, 56, 39] : 0
[2, 44, 43, 39] : 0
[0, 52, 57, 39] : 0
[0, 43, 66, 39] : 0
[1, 43, 57, 39] : 0
[0, 39, 70, 39] : 0
[0, 30, 79, 39] : 0
[1, 30, 70, 39] : 0
[0, 39, 57, 52] : 0
[0, 30, 66, 52] : 0
[1, 30, 57, 52] : 0
[2, 30, 57, 39] : 0
[0, 52, 43, 53] : 0
[0, 43, 52, 53] : 0
[0, 43, 43, 62] : 0
[1, 43, 43, 53] : 0
[0, 39, 56, 53] : 0
[0, 30, 65, 53] : 0
[1, 30, 56, 53] : 0
[0, 39, 43, 66] : 0
[0, 30, 52, 66] : 0
[0, 30, 43, 75] : 0
[1, 30, 43, 66] : 0
[2, 30, 43, 53] : 0
[3, 30, 43, 39] : 0
[0, 57, 37, 54] : 0
[0, 57, 28, 63] : 0
[1, 57, 28, 54] : 0
[0, 53, 41, 54] : 0
[0, 44, 50, 54] : 0
[0, 44, 41, 63] : 0
[1, 44, 41, 54] : 0
[2, 44, 28, 54] : 0
[0, 52, 42, 54] : 0
[0, 43, 51, 54] : 0
[0, 43, 42, 63] : 0
[1, 43, 42, 54] : 0
[0, 39, 55, 54] : 0
[0, 30, 64, 54] : 0
[0, 30, 55, 63] : 0
[1, 30, 55, 54] : 0
[0, 39, 42, 67] : 0
[0, 30, 51, 67] : 0
[0, 30, 42, 76] : 0
[1, 30, 42, 67] : 0
[2, 30, 42, 54] : 0
[0, 52, 28, 68] : 0
[0, 43, 37, 68] : 0
[0, 43, 28, 77] : 0
[1, 43, 28, 68] : 0
[0, 39, 41, 68] : 0
[0, 30, 50, 68] : 0
[0, 30, 41, 77] : 0
[1, 30, 41, 68] : 0
[0, 39, 28, 81] : 0
[0, 30, 37, 81] : 0
[0, 30, 28, 90] : 0
[1, 30, 28, 81] : 0
[2, 30, 28, 68] : 0
[3, 30, 28, 54] : 0
[4, 30, 28, 39] : 0
[5, 30, 28, 20] : 0
[6, 30, 28, 0] : 0
[0, 98, 22, 28] : 0
[0, 98, 13, 37] : 0
[1, 98, 13, 28] : 0
[0, 98, 0, 50] : 0
[1, 98, 0, 41] : 0
[2, 98, 0, 28] : 0
[0, 84, 36, 28] : 0
[0, 84, 27, 37] : 0
[1, 84, 27, 28] : 0
[0, 84, 14, 50] : 0
[1, 84, 14, 41] : 0
[2, 84, 14, 28] : 0
[0, 84, 22, 42] : 0
[0, 84, 13, 51] : 0
[1, 84, 13, 42] : 0
[0, 84, 9, 55] : 0
[1, 84, 0, 55] : 0
[2, 84, 0, 42] : 0
[3, 84, 0, 28] : 0
[0, 96, 24, 28] : 0
[0, 96, 15, 37] : 0
[1, 96, 15, 28] : 0
[0, 83, 15, 50] : 0
[1, 83, 15, 41] : 0
[2, 83, 15, 28] : 0
[0, 82, 38, 28] : 0
[0, 82, 29, 37] : 0
[1, 82, 29, 28] : 0
[0, 69, 38, 41] : 0
[0, 69, 29, 50] : 0
[1, 69, 29, 41] : 0
[2, 69, 29, 28] : 0
[0, 82, 24, 42] : 0
[1, 82, 15, 42] : 0
[0, 69, 24, 55] : 0
[1, 69, 15, 55] : 0
[2, 69, 15, 42] : 0
[3, 69, 15, 28] : 0
[0, 96, 9, 43] : 0
[1, 96, 0, 43] : 0
[0, 83, 22, 43] : 0
[1, 83, 13, 43] : 0
[1, 83, 0, 56] : 0
[2, 83, 0, 43] : 0
[0, 82, 23, 43] : 0
[1, 82, 14, 43] : 0
[0, 69, 36, 43] : 0
[1, 69, 27, 43] : 0
[0, 69, 23, 56] : 0
[1, 69, 14, 56] : 0
[2, 69, 14, 43] : 0
[0, 82, 9, 57] : 0
[1, 82, 0, 57] : 0
[0, 69, 22, 57] : 0
[0, 69, 13, 66] : 0
[1, 69, 13, 57] : 0
[0, 69, 9, 70] : 0
[1, 69, 0, 70] : 0
[2, 69, 0, 57] : 0
[3, 69, 0, 43] : 0
[4, 69, 0, 28] : 0
[0, 88, 32, 28] : 0
[0, 79, 32, 37] : 0
[1, 79, 32, 28] : 0
[0, 79, 19, 50] : 0
[1, 79, 19, 41] : 0
[2, 79, 19, 28] : 0
[0, 74, 46, 28] : 0
[0, 65, 46, 37] : 0
[1, 65, 46, 28] : 0
[0, 65, 33, 50] : 0
[1, 65, 33, 41] : 0
[2, 65, 33, 28] : 0
[0, 74, 32, 42] : 0
[1, 65, 32, 42] : 0
[1, 65, 19, 55] : 0
[2, 65, 19, 42] : 0
[3, 65, 19, 28] : 0
[0, 64, 34, 50] : 0
[1, 64, 34, 41] : 0
[2, 64, 34, 28] : 0
[0, 50, 48, 50] : 0
[1, 50, 48, 41] : 0
[2, 50, 48, 28] : 0
[0, 63, 34, 51] : 0
[1, 63, 34, 42] : 0
[0, 50, 34, 64] : 0
[1, 50, 34, 55] : 0
[2, 50, 34, 42] : 0
[3, 50, 34, 28] : 0
[1, 77, 19, 43] : 0
[1, 64, 32, 43] : 0
[1, 64, 19, 56] : 0
[2, 64, 19, 43] : 0
[1, 63, 33, 43] : 0
[0, 59, 46, 43] : 0
[1, 50, 46, 43] : 0
[1, 50, 33, 56] : 0
[2, 50, 33, 43] : 0
[1, 63, 19, 57] : 0
[0, 59, 32, 57] : 0
[1, 50, 32, 57] : 0
[1, 50, 19, 70] : 0
[2, 50, 19, 57] : 0
[3, 50, 19, 43] : 0
[4, 50, 19, 28] : 0
[0, 65, 13, 70] : 0
[1, 65, 13, 61] : 0
[1, 65, 0, 74] : 0
[2, 65, 0, 61] : 0
[3, 65, 0, 47] : 0
[0, 64, 22, 62] : 0
[0, 64, 13, 71] : 0
[1, 64, 13, 62] : 0
[2, 64, 0, 62] : 0
[0, 72, 14, 62] : 0
[0, 63, 23, 62] : 0
[0, 63, 14, 71] : 0
[1, 63, 14, 62] : 0
[0, 59, 27, 62] : 0
[0, 50, 36, 62] : 0
[0, 50, 27, 71] : 0
[1, 50, 27, 62] : 0
[0, 50, 14, 84] : 0
[1, 50, 14, 75] : 0
[2, 50, 14, 62] : 0
[0, 63, 0, 85] : 0
[1, 63, 0, 76] : 0
[0, 50, 13, 85] : 0
[1, 50, 13, 76] : 0
[0, 50, 0, 98] : 0
[1, 50, 0, 89] : 0
[2, 50, 0, 76] : 0
[3, 50, 0, 62] : 0
[4, 50, 0, 47] : 0
[5, 50, 0, 28] : 0
[0, 78, 20, 50] : 0
[1, 78, 20, 41] : 0
[2, 78, 20, 28] : 0
[1, 64, 20, 55] : 0
[2, 64, 20, 42] : 0
[3, 64, 20, 28] : 0
[0, 76, 44, 28] : 0
[0, 76, 35, 37] : 0
[1, 76, 35, 28] : 0
[0, 63, 35, 50] : 0
[1, 63, 35, 41] : 0
[2, 63, 35, 28] : 0
[0, 62, 58, 28] : 0
[0, 62, 49, 37] : 0
[1, 62, 49, 28] : 0
[0, 49, 58, 41] : 0
[0, 49, 49, 50] : 0
[1, 49, 49, 41] : 0
[2, 49, 49, 28] : 0
[0, 62, 44, 42] : 0
[0, 62, 35, 51] : 0
[1, 62, 35, 42] : 0
[0, 49, 44, 55] : 0
[0, 49, 35, 64] : 0
[1, 49, 35, 55] : 0
[2, 49, 35, 42] : 0
[3, 49, 35, 28] : 0
[0, 76, 29, 43] : 0
[0, 76, 20, 52] : 0
[1, 76, 20, 43] : 0
[0, 63, 20, 65] : 0
[1, 63, 20, 56] : 0
[2, 63, 20, 43] : 0
[0, 62, 34, 52] : 0
[1, 62, 34, 43] : 0
[0, 49, 34, 65] : 0
[1, 49, 34, 56] : 0
[2, 49, 34, 43] : 0
[0, 62, 29, 57] : 0
[0, 62, 20, 66] : 0
[1, 62, 20, 57] : 0
[0, 49, 29, 70] : 0
[0, 49, 20, 79] : 0
[1, 49, 20, 70] : 0
[2, 49, 20, 57] : 0
[3, 49, 20, 43] : 0
[4, 49, 20, 28] : 0
[0, 68, 52, 28] : 0
[0, 59, 52, 37] : 0
[1, 59, 52, 28] : 0
[0, 68, 39, 41] : 0
[0, 59, 39, 50] : 0
[1, 59, 39, 41] : 0
[2, 59, 39, 28] : 0
[0, 54, 66, 28] : 0
[0, 45, 66, 37] : 0
[1, 45, 66, 28] : 0
[0, 54, 53, 41] : 0
[0, 45, 53, 50] : 0
[1, 45, 53, 41] : 0
[2, 45, 53, 28] : 0
[0, 54, 52, 42] : 0
[1, 45, 52, 42] : 0
[0, 54, 39, 55] : 0
[1, 45, 39, 55] : 0
[2, 45, 39, 42] : 0
[3, 45, 39, 28] : 0
[0, 66, 54, 28] : 0
[0, 57, 54, 37] : 0
[1, 57, 54, 28] : 0
[0, 53, 54, 41] : 0
[0, 44, 54, 50] : 0
[1, 44, 54, 41] : 0
[2, 44, 54, 28] : 0
[0, 52, 68, 28] : 0
[0, 43, 68, 37] : 0
[1, 43, 68, 28] : 0
[0, 39, 68, 41] : 0
[0, 30, 68, 50] : 0
[1, 30, 68, 41] : 0
[2, 30, 68, 28] : 0
[0, 52, 54, 42] : 0
[0, 43, 54, 51] : 0
[1, 43, 54, 42] : 0
[0, 39, 54, 55] : 0
[0, 30, 54, 64] : 0
[1, 30, 54, 55] : 0
[2, 30, 54, 42] : 0
[3, 30, 54, 28] : 0
[0, 66, 39, 43] : 0
[0, 57, 39, 52] : 0
[1, 57, 39, 43] : 0
[0, 53, 52, 43] : 0
[1, 44, 52, 43] : 0
[0, 53, 39, 56] : 0
[1, 44, 39, 56] : 0
[2, 44, 39, 43] : 0
[0, 52, 53, 43] : 0
[0, 43, 53, 52] : 0
[1, 43, 53, 43] : 0
[0, 39, 66, 43] : 0
[1, 30, 66, 43] : 0
[0, 39, 53, 56] : 0
[0, 30, 53, 65] : 0
[1, 30, 53, 56] : 0
[2, 30, 53, 43] : 0
[0, 52, 39, 57] : 0
[0, 43, 39, 66] : 0
[1, 43, 39, 57] : 0
[0, 39, 52, 57] : 0
[1, 30, 52, 57] : 0
[0, 39, 39, 70] : 0
[0, 30, 39, 79] : 0
[1, 30, 39, 70] : 0
[2, 30, 39, 57] : 0
[3, 30, 39, 43] : 0
[4, 30, 39, 28] : 0
[0, 54, 33, 61] : 0
[0, 45, 33, 70] : 0
[1, 45, 33, 61] : 0
[0, 54, 20, 74] : 0
[1, 45, 20, 74] : 0
[2, 45, 20, 61] : 0
[3, 45, 20, 47] : 0
[0, 66, 35, 47] : 0
[0, 57, 44, 47] : 0
[0, 57, 35, 56] : 0
[1, 57, 35, 47] : 0
[2, 44, 35, 47] : 0
[0, 52, 49, 47] : 0
[0, 43, 58, 47] : 0
[0, 43, 49, 56] : 0
[1, 43, 49, 47] : 0
[0, 39, 49, 60] : 0
[0, 30, 58, 60] : 0
[0, 30, 49, 69] : 0
[1, 30, 49, 60] : 0
[2, 30, 49, 47] : 0
[0, 52, 35, 61] : 0
[0, 43, 44, 61] : 0
[0, 43, 35, 70] : 0
[1, 43, 35, 61] : 0
[0, 39, 35, 74] : 0
[0, 30, 44, 74] : 0
[0, 30, 35, 83] : 0
[1, 30, 35, 74] : 0
[2, 30, 35, 61] : 0
[3, 30, 35, 47] : 0
[0, 66, 20, 62] : 0
[0, 57, 29, 62] : 0
[0, 57, 20, 71] : 0
[1, 57, 20, 62] : 0
[0, 53, 33, 62] : 0
[0, 44, 42, 62] : 0
[1, 44, 33, 62] : 0
[2, 44, 20, 62] : 0
[0, 52, 34, 62] : 0
[0, 43, 34, 71] : 0
[1, 43, 34, 62] : 0
[0, 39, 34, 75] : 0
[0, 30, 34, 84] : 0
[1, 30, 34, 75] : 0
[2, 30, 34, 62] : 0
[0, 52, 20, 76] : 0
[0, 43, 29, 76] : 0
[0, 43, 20, 85] : 0
[1, 43, 20, 76] : 0
[0, 39, 33, 76] : 0
[0, 30, 33, 85] : 0
[1, 30, 33, 76] : 0
[0, 39, 20, 89] : 0
[0, 30, 29, 89] : 0
[0, 30, 20, 98] : 0
[1, 30, 20, 89] : 0
[2, 30, 20, 76] : 0
[3, 30, 20, 62] : 0
[4, 30, 20, 47] : 0
[5, 30, 20, 28] : 0
[0, 64, 36, 48] : 0
[0, 64, 27, 57] : 0
[1, 64, 27, 48] : 0
[2, 64, 14, 48] : 0
[3, 64, 0, 48] : 0
[0, 76, 24, 48] : 0
[0, 76, 15, 57] : 0
[1, 76, 15, 48] : 0
[2, 63, 15, 48] : 0
[0, 62, 38, 48] : 0
[1, 62, 29, 48] : 0
[0, 49, 38, 61] : 0
[1, 49, 29, 61] : 0
[2, 49, 29, 48] : 0
[0, 62, 24, 62] : 0
[0, 62, 15, 71] : 0
[1, 62, 15, 62] : 0
[0, 49, 24, 75] : 0
[0, 49, 15, 84] : 0
[1, 49, 15, 75] : 0
[2, 49, 15, 62] : 0
[3, 49, 15, 48] : 0
[0, 76, 9, 63] : 0
[0, 76, 0, 72] : 0
[1, 76, 0, 63] : 0
[0, 63, 22, 63] : 0
[0, 63, 13, 72] : 0
[1, 63, 13, 63] : 0
[2, 63, 0, 63] : 0
[0, 62, 23, 63] : 0
[0, 62, 14, 72] : 0
[1, 62, 14, 63] : 0
[0, 49, 36, 63] : 0
[0, 49, 27, 72] : 0
[1, 49, 27, 63] : 0
[0, 49, 23, 76] : 0
[0, 49, 14, 85] : 0
[1, 49, 14, 76] : 0
[2, 49, 14, 63] : 0
[0, 62, 9, 77] : 0
[0, 62, 0, 86] : 0
[1, 62, 0, 77] : 0
[0, 49, 22, 77] : 0
[0, 49, 13, 86] : 0
[1, 49, 13, 77] : 0
[0, 49, 9, 90] : 0
[0, 49, 0, 99] : 0
[1, 49, 0, 90] : 0
[2, 49, 0, 77] : 0
[3, 49, 0, 63] : 0
[4, 49, 0, 48] : 0
[0, 68, 32, 48] : 0
[1, 59, 32, 48] : 0
[2, 59, 19, 48] : 0
[0, 54, 46, 48] : 0
[0, 45, 46, 57] : 0
[1, 45, 46, 48] : 0
[2, 45, 33, 48] : 0
[0, 54, 32, 62] : 0
[1, 45, 32, 62] : 0
[2, 45, 19, 62] : 0
[3, 45, 19, 48] : 0
[0, 66, 34, 48] : 0
[0, 57, 34, 57] : 0
[1, 57, 34, 48] : 0
[2, 44, 34, 48] : 0
[3, 30, 34, 48] : 0
[0, 66, 19, 63] : 0
[0, 57, 19, 72] : 0
[1, 57, 19, 63] : 0
[0, 53, 32, 63] : 0
[0, 44, 32, 72] : 0
[1, 44, 32, 63] : 0
[0, 53, 19, 76] : 0
[1, 44, 19, 76] : 0
[2, 44, 19, 63] : 0
[0, 52, 33, 63] : 0
[0, 43, 33, 72] : 0
[1, 43, 33, 63] : 0
[0, 39, 46, 63] : 0
[0, 30, 46, 72] : 0
[1, 30, 46, 63] : 0
[2, 30, 33, 63] : 0
[0, 43, 19, 86] : 0
[1, 43, 19, 77] : 0
[0, 39, 32, 77] : 0
[0, 30, 32, 86] : 0
[1, 30, 32, 77] : 0
[0, 39, 19, 90] : 0
[0, 30, 19, 99] : 0
[1, 30, 19, 90] : 0
[2, 30, 19, 77] : 0
[3, 30, 19, 63] : 0
[4, 30, 19, 48] : 0
[0, 54, 13, 81] : 0
[0, 45, 22, 81] : 0
[0, 45, 13, 90] : 0
[1, 45, 13, 81] : 0
[2, 45, 0, 81] : 0
[3, 45, 0, 67] : 0
[0, 66, 15, 67] : 0
[0, 57, 24, 67] : 0
[0, 57, 15, 76] : 0
[1, 57, 15, 67] : 0
[2, 44, 15, 67] : 0
[0, 52, 29, 67] : 0
[0, 43, 38, 67] : 0
[1, 43, 29, 67] : 0
[0, 39, 29, 80] : 0
[0, 30, 38, 80] : 0
[1, 30, 29, 80] : 0
[2, 30, 29, 67] : 0
[0, 52, 15, 81] : 0
[0, 43, 24, 81] : 0
[0, 43, 15, 90] : 0
[1, 43, 15, 81] : 0
[0, 39, 15, 94] : 0
[0, 30, 24, 94] : 0
[0, 30, 15, 103] : 0
[1, 30, 15, 94] : 0
[2, 30, 15, 81] : 0
[3, 30, 15, 67] : 0
[0, 57, 9, 82] : 0
[0, 57, 0, 91] : 0
[1, 57, 0, 82] : 0
[0, 53, 13, 82] : 0
[0, 44, 22, 82] : 0
[0, 44, 13, 91] : 0
[1, 44, 13, 82] : 0
[2, 44, 0, 82] : 0
[0, 52, 14, 82] : 0
[0, 43, 23, 82] : 0
[0, 43, 14, 91] : 0
[1, 43, 14, 82] : 0
[0, 39, 27, 82] : 0
[0, 30, 36, 82] : 0
[0, 30, 27, 91] : 0
[1, 30, 27, 82] : 0
[0, 39, 14, 95] : 0
[0, 30, 23, 95] : 0
[0, 30, 14, 104] : 0
[1, 30, 14, 95] : 0
[2, 30, 14, 82] : 0
[0, 43, 9, 96] : 0
[0, 43, 0, 105] : 0
[1, 43, 0, 96] : 0
[0, 39, 13, 96] : 0
[0, 30, 22, 96] : 0
[0, 30, 13, 105] : 0
[1, 30, 13, 96] : 0
[0, 39, 0, 109] : 0
[0, 30, 9, 109] : 0
[0, 30, 0, 118] : 0
[1, 30, 0, 109] : 0
[2, 30, 0, 96] : 0
[3, 30, 0, 82] : 0
[4, 30, 0, 67] : 0
[5, 30, 0, 48] : 0
[6, 30, 0, 28] : 0
[7, 30, 0, 0] : 0
[0, 118, 30, 0] : 0
[0, 109, 30, 9] : 0
[1, 109, 30, 0] : 0
[0, 105, 30, 13] : 0
[0, 96, 30, 22] : 0
[1, 96, 30, 13] : 0
[2, 96, 30, 0] : 0
[0, 95, 44, 9] : 0
[1, 95, 44, 0] : 0
[0, 82, 44, 22] : 0
[1, 82, 44, 13] : 0
[2, 82, 44, 0] : 0
[0, 104, 30, 14] : 0
[0, 95, 30, 23] : 0
[1, 95, 30, 14] : 0
[0, 91, 30, 27] : 0
[0, 82, 30, 36] : 0
[1, 82, 30, 27] : 0
[2, 82, 30, 14] : 0
[3, 82, 30, 0] : 0
[0, 103, 45, 0] : 0
[0, 94, 45, 9] : 0
[1, 94, 45, 0] : 0
[0, 81, 58, 9] : 0
[1, 81, 58, 0] : 0
[0, 90, 45, 13] : 0
[0, 81, 45, 22] : 0
[1, 81, 45, 13] : 0
[2, 81, 45, 0] : 0
[0, 89, 59, 0] : 0
[0, 80, 59, 9] : 0
[1, 80, 59, 0] : 0
[1, 67, 72, 0] : 0
[0, 76, 59, 13] : 0
[0, 67, 59, 22] : 0
[1, 67, 59, 13] : 0
[2, 67, 59, 0] : 0
[0, 89, 45, 14] : 0
[0, 80, 45, 23] : 0
[1, 80, 45, 14] : 0
[0, 76, 58, 14] : 0
[0, 67, 58, 23] : 0
[1, 67, 58, 14] : 0
[0, 76, 45, 27] : 0
[0, 67, 45, 36] : 0
[1, 67, 45, 27] : 0
[2, 67, 45, 14] : 0
[3, 67, 45, 0] : 0
[0, 103, 30, 15] : 0
[0, 94, 30, 24] : 0
[1, 94, 30, 15] : 0
[0, 81, 43, 24] : 0
[1, 81, 43, 15] : 0
[0, 90, 30, 28] : 0
[0, 81, 30, 37] : 0
[1, 81, 30, 28] : 0
[2, 81, 30, 15] : 0
[0, 89, 44, 15] : 0
[0, 80, 44, 24] : 0
[1, 80, 44, 15] : 0
[0, 67, 57, 24] : 0
[1, 67, 57, 15] : 0
[0, 67, 44, 37] : 0
[1, 67, 44, 28] : 0
[2, 67, 44, 15] : 0
[0, 89, 30, 29] : 0
[0, 80, 30, 38] : 0
[1, 80, 30, 29] : 0
[0, 67, 43, 38] : 0
[1, 67, 43, 29] : 0
[0, 76, 30, 42] : 0
[1, 67, 30, 42] : 0
[2, 67, 30, 29] : 0
[3, 67, 30, 15] : 0
[4, 67, 30, 0] : 0
[0, 85, 49, 14] : 0
[0, 76, 49, 23] : 0
[1, 76, 49, 14] : 0
[0, 72, 49, 27] : 0
[0, 63, 58, 27] : 0
[0, 63, 49, 36] : 0
[1, 63, 49, 27] : 0
[2, 63, 49, 14] : 0
[3, 63, 49, 0] : 0
[0, 75, 73, 0] : 0
[0, 75, 64, 9] : 0
[1, 75, 64, 0] : 0
[0, 71, 64, 13] : 0
[0, 62, 73, 13] : 0
[0, 62, 64, 22] : 0
[1, 62, 64, 13] : 0
[2, 62, 64, 0] : 0
[0, 70, 78, 0] : 0
[0, 61, 87, 0] : 0
[0, 61, 78, 9] : 0
[1, 61, 78, 0] : 0
[1, 48, 91, 0] : 0
[0, 57, 78, 13] : 0
[0, 48, 87, 13] : 0
[0, 48, 78, 22] : 0
[1, 48, 78, 13] : 0
[2, 48, 78, 0] : 0
[0, 70, 64, 14] : 0
[0, 61, 73, 14] : 0
[0, 61, 64, 23] : 0
[1, 61, 64, 14] : 0
[0, 48, 86, 14] : 0
[1, 48, 77, 14] : 0
[0, 57, 64, 27] : 0
[0, 48, 73, 27] : 0
[0, 48, 64, 36] : 0
[1, 48, 64, 27] : 0
[2, 48, 64, 14] : 0
[3, 48, 64, 0] : 0
[0, 84, 49, 15] : 0
[0, 75, 58, 15] : 0
[0, 75, 49, 24] : 0
[1, 75, 49, 15] : 0
[2, 62, 49, 15] : 0
[0, 70, 63, 15] : 0
[0, 61, 72, 15] : 0
[0, 61, 63, 24] : 0
[1, 61, 63, 15] : 0
[0, 48, 72, 28] : 0
[0, 48, 63, 37] : 0
[1, 48, 63, 28] : 0
[2, 48, 63, 15] : 0
[0, 70, 49, 29] : 0
[0, 61, 58, 29] : 0
[0, 61, 49, 38] : 0
[1, 61, 49, 29] : 0
[0, 57, 49, 42] : 0
[0, 48, 58, 42] : 0
[0, 48, 49, 51] : 0
[1, 48, 49, 42] : 0
[2, 48, 49, 29] : 0
[3, 48, 49, 15] : 0
[4, 48, 49, 0] : 0
[0, 99, 30, 19] : 0
[0, 90, 39, 19] : 0
[1, 90, 30, 19] : 0
[2, 77, 30, 19] : 0
[1, 76, 44, 19] : 0
[2, 63, 44, 19] : 0
[0, 85, 30, 33] : 0
[0, 76, 39, 33] : 0
[1, 76, 30, 33] : 0
[2, 63, 30, 33] : 0
[3, 63, 30, 19] : 0
[0, 84, 45, 19] : 0
[0, 75, 54, 19] : 0
[0, 75, 45, 28] : 0
[1, 75, 45, 19] : 0
[1, 62, 58, 19] : 0
[2, 62, 45, 19] : 0
[0, 70, 59, 19] : 0
[0, 61, 59, 28] : 0
[1, 61, 59, 19] : 0
[1, 48, 72, 19] : 0
[0, 57, 59, 32] : 0
[0, 48, 59, 41] : 0
[1, 48, 59, 32] : 0
[2, 48, 59, 19] : 0
[0, 70, 45, 33] : 0
[0, 61, 54, 33] : 0
[0, 61, 45, 42] : 0
[1, 61, 45, 33] : 0
[0, 57, 58, 33] : 0
[1, 48, 58, 33] : 0
[0, 57, 45, 46] : 0
[0, 48, 54, 46] : 0
[0, 48, 45, 55] : 0
[1, 48, 45, 46] : 0
[2, 48, 45, 33] : 0
[3, 48, 45, 19] : 0
[0, 84, 30, 34] : 0
[0, 75, 39, 34] : 0
[0, 75, 30, 43] : 0
[1, 75, 30, 34] : 0
[2, 62, 30, 34] : 0
[0, 70, 44, 34] : 0
[0, 61, 44, 43] : 0
[1, 61, 44, 34] : 0
[1, 48, 57, 34] : 0
[0, 48, 44, 56] : 0
[1, 48, 44, 47] : 0
[2, 48, 44, 34] : 0
[0, 70, 30, 48] : 0
[0, 61, 39, 48] : 0
[0, 61, 30, 57] : 0
[1, 61, 30, 48] : 0
[0, 48, 52, 48] : 0
[0, 48, 43, 57] : 0
[1, 48, 43, 48] : 0
[0, 57, 30, 61] : 0
[0, 48, 39, 61] : 0
[0, 48, 30, 70] : 0
[1, 48, 30, 61] : 0
[2, 48, 30, 48] : 0
[3, 48, 30, 34] : 0
[4, 48, 30, 19] : 0
[5, 48, 30, 0] : 0
[0, 89, 50, 9] : 0
[1, 89, 50, 0] : 0
[0, 85, 50, 13] : 0
[0, 76, 50, 22] : 0
[1, 76, 50, 13] : 0
[2, 76, 50, 0] : 0
[0, 75, 59, 14] : 0
[0, 75, 50, 23] : 0
[1, 75, 50, 14] : 0
[0, 71, 50, 27] : 0
[0, 62, 59, 27] : 0
[0, 62, 50, 36] : 0
[1, 62, 50, 27] : 0
[2, 62, 50, 14] : 0
[3, 62, 50, 0] : 0
[0, 74, 65, 9] : 0
[1, 74, 65, 0] : 0
[0, 70, 65, 13] : 0
[0, 61, 74, 13] : 0
[0, 61, 65, 22] : 0
[1, 61, 65, 13] : 0
[2, 61, 65, 0] : 0
[0, 60, 88, 0] : 0
[0, 60, 79, 9] : 0
[1, 60, 79, 0] : 0
[2, 47, 79, 0] : 0
[0, 60, 74, 14] : 0
[0, 60, 65, 23] : 0
[1, 60, 65, 14] : 0
[0, 56, 65, 27] : 0
[0, 47, 74, 27] : 0
[0, 47, 65, 36] : 0
[1, 47, 65, 27] : 0
[2, 47, 65, 14] : 0
[3, 47, 65, 0] : 0
[0, 74, 59, 15] : 0
[0, 74, 50, 24] : 0
[1, 74, 50, 15] : 0
[0, 70, 50, 28] : 0
[0, 61, 50, 37] : 0
[1, 61, 50, 28] : 0
[2, 61, 50, 15] : 0
[0, 60, 73, 15] : 0
[0, 60, 64, 24] : 0
[1, 60, 64, 15] : 0
[0, 56, 64, 28] : 0
[0, 47, 73, 28] : 0
[0, 47, 64, 37] : 0
[1, 47, 64, 28] : 0
[2, 47, 64, 15] : 0
[0, 60, 59, 29] : 0
[0, 60, 50, 38] : 0
[1, 60, 50, 29] : 0
[0, 56, 50, 42] : 0
[0, 47, 59, 42] : 0
[0, 47, 50, 51] : 0
[1, 47, 50, 42] : 0
[2, 47, 50, 29] : 0
[3, 47, 50, 15] : 0
[4, 47, 50, 0] : 0
[0, 70, 69, 9] : 0
[1, 70, 69, 0] : 0
[0, 66, 69, 13] : 0
[1, 57, 69, 13] : 0
[2, 57, 69, 0] : 0
[0, 56, 83, 9] : 0
[1, 56, 83, 0] : 0
[0, 52, 83, 13] : 0
[0, 43, 92, 13] : 0
[1, 43, 83, 13] : 0
[2, 43, 83, 0] : 0
[0, 56, 69, 23] : 0
[1, 56, 69, 14] : 0
[0, 52, 69, 27] : 0
[0, 43, 78, 27] : 0
[0, 43, 69, 36] : 0
[1, 43, 69, 27] : 0
[2, 43, 69, 14] : 0
[3, 43, 69, 0] : 0
[0, 55, 93, 0] : 0
[0, 55, 84, 9] : 0
[1, 55, 84, 0] : 0
[0, 51, 97, 0] : 0
[0, 42, 106, 0] : 0
[0, 42, 97, 9] : 0
[1, 42, 97, 0] : 0
[0, 51, 84, 13] : 0
[0, 42, 93, 13] : 0
[1, 42, 84, 13] : 0
[2, 42, 84, 0] : 0
[0, 41, 107, 0] : 0
[0, 41, 98, 9] : 0
[1, 41, 98, 0] : 0
[0, 37, 111, 0] : 0
[0, 28, 111, 9] : 0
[1, 28, 111, 0] : 0
[2, 28, 98, 0] : 0
[0, 41, 93, 14] : 0
[0, 41, 84, 23] : 0
[1, 41, 84, 14] : 0
[0, 37, 97, 14] : 0
[0, 28, 106, 14] : 0
[0, 28, 97, 23] : 0
[1, 28, 97, 14] : 0
[0, 37, 84, 27] : 0
[0, 28, 84, 36] : 0
[1, 28, 84, 27] : 0
[2, 28, 84, 14] : 0
[3, 28, 84, 0] : 0
[0, 55, 78, 15] : 0
[0, 55, 69, 24] : 0
[1, 55, 69, 15] : 0
[0, 51, 69, 28] : 0
[0, 42, 78, 28] : 0
[0, 42, 69, 37] : 0
[1, 42, 69, 28] : 0
[2, 42, 69, 15] : 0
[0, 41, 92, 15] : 0
[0, 41, 83, 24] : 0
[1, 41, 83, 15] : 0
[0, 37, 96, 15] : 0
[0, 28, 96, 24] : 0
[1, 28, 96, 15] : 0
[0, 37, 83, 28] : 0
[0, 28, 92, 28] : 0
[0, 28, 83, 37] : 0
[1, 28, 83, 28] : 0
[2, 28, 83, 15] : 0
[0, 41, 78, 29] : 0
[0, 41, 69, 38] : 0
[1, 41, 69, 29] : 0
[0, 37, 82, 29] : 0
[0, 28, 91, 29] : 0
[0, 28, 82, 38] : 0
[1, 28, 82, 29] : 0
[0, 37, 69, 42] : 0
[0, 28, 78, 42] : 0
[0, 28, 69, 51] : 0
[1, 28, 69, 42] : 0
[2, 28, 69, 29] : 0
[3, 28, 69, 15] : 0
[4, 28, 69, 0] : 0
[1, 70, 50, 19] : 0
[2, 57, 50, 19] : 0
[0, 56, 73, 19] : 0
[1, 56, 64, 19] : 0
[2, 43, 64, 19] : 0
[0, 56, 59, 33] : 0
[1, 56, 50, 33] : 0
[0, 52, 50, 46] : 0
[0, 43, 59, 46] : 0
[0, 43, 50, 55] : 0
[1, 43, 50, 46] : 0
[2, 43, 50, 33] : 0
[3, 43, 50, 19] : 0
[0, 55, 74, 19] : 0
[0, 55, 65, 28] : 0
[1, 55, 65, 19] : 0
[0, 51, 78, 19] : 0
[1, 42, 78, 19] : 0
[2, 42, 65, 19] : 0
[0, 41, 88, 19] : 0
[0, 41, 79, 28] : 0
[1, 41, 79, 19] : 0
[0, 37, 92, 19] : 0
[1, 28, 92, 19] : 0
[2, 28, 79, 19] : 0
[0, 41, 74, 33] : 0
[0, 41, 65, 42] : 0
[1, 41, 65, 33] : 0
[0, 37, 78, 33] : 0
[0, 28, 87, 33] : 0
[1, 28, 78, 33] : 0
[0, 37, 65, 46] : 0
[0, 28, 74, 46] : 0
[0, 28, 65, 55] : 0
[1, 28, 65, 46] : 0
[2, 28, 65, 33] : 0
[3, 28, 65, 19] : 0
[0, 55, 59, 34] : 0
[0, 55, 50, 43] : 0
[1, 55, 50, 34] : 0
[0, 51, 63, 34] : 0
[0, 42, 63, 43] : 0
[1, 42, 63, 34] : 0
[2, 42, 50, 34] : 0
[0, 41, 73, 34] : 0
[0, 41, 64, 43] : 0
[1, 41, 64, 34] : 0
[0, 37, 77, 34] : 0
[0, 28, 77, 43] : 0
[1, 28, 77, 34] : 0
[0, 37, 64, 47] : 0
[0, 28, 73, 47] : 0
[0, 28, 64, 56] : 0
[1, 28, 64, 47] : 0
[2, 28, 64, 34] : 0
[0, 41, 59, 48] : 0
[0, 41, 50, 57] : 0
[1, 41, 50, 48] : 0
[0, 37, 63, 48] : 0
[0, 28, 72, 48] : 0
[0, 28, 63, 57] : 0
[1, 28, 63, 48] : 0
[0, 37, 50, 61] : 0
[0, 28, 59, 61] : 0
[0, 28, 50, 70] : 0
[1, 28, 50, 61] : 0
[2, 28, 50, 48] : 0
[3, 28, 50, 34] : 0
[4, 28, 50, 19] : 0
[5, 28, 50, 0] : 0
[0, 98, 30, 20] : 0
[0, 89, 39, 20] : 0
[1, 89, 30, 20] : 0
[2, 76, 30, 20] : 0
[0, 84, 44, 20] : 0
[0, 75, 44, 29] : 0
[1, 75, 44, 20] : 0
[1, 62, 44, 33] : 0
[2, 62, 44, 20] : 0
[3, 62, 30, 20] : 0
[0, 83, 45, 20] : 0
[0, 74, 54, 20] : 0
[0, 74, 45, 29] : 0
[1, 74, 45, 20] : 0
[0, 70, 58, 20] : 0
[1, 61, 58, 20] : 0
[2, 61, 45, 20] : 0
[0, 69, 59, 20] : 0
[0, 60, 68, 20] : 0
[1, 60, 59, 20] : 0
[1, 47, 72, 20] : 0
[0, 47, 68, 33] : 0
[1, 47, 59, 33] : 0
[2, 47, 59, 20] : 0
[0, 69, 45, 34] : 0
[0, 60, 54, 34] : 0
[0, 60, 45, 43] : 0
[1, 60, 45, 34] : 0
[0, 56, 58, 34] : 0
[0, 47, 67, 34] : 0
[0, 47, 58, 43] : 0
[1, 47, 58, 34] : 0
[0, 47, 54, 47] : 0
[0, 47, 45, 56] : 0
[1, 47, 45, 47] : 0
[2, 47, 45, 34] : 0
[3, 47, 45, 20] : 0
[0, 83, 30, 35] : 0
[0, 74, 39, 35] : 0
[0, 74, 30, 44] : 0
[1, 74, 30, 35] : 0
[0, 70, 43, 35] : 0
[0, 61, 52, 35] : 0
[0, 61, 43, 44] : 0
[1, 61, 43, 35] : 0
[2, 61, 30, 35] : 0
[0, 69, 44, 35] : 0
[0, 60, 53, 35] : 0
[0, 60, 44, 44] : 0
[1, 60, 44, 35] : 0
[0, 47, 57, 44] : 0
[1, 47, 57, 35] : 0
[0, 56, 44, 48] : 0
[0, 47, 53, 48] : 0
[0, 47, 44, 57] : 0
[1, 47, 44, 48] : 0
[2, 47, 44, 35] : 0
[0, 69, 30, 49] : 0
[0, 60, 39, 49] : 0
[0, 60, 30, 58] : 0
[1, 60, 30, 49] : 0
[0, 56, 43, 49] : 0
[0, 47, 52, 49] : 0
[0, 47, 43, 58] : 0
[1, 47, 43, 49] : 0
[0, 56, 30, 62] : 0
[0, 47, 39, 62] : 0
[0, 47, 30, 71] : 0
[1, 47, 30, 62] : 0
[2, 47, 30, 49] : 0
[3, 47, 30, 35] : 0
[4, 47, 30, 20] : 0
[0, 79, 49, 20] : 0
[1, 70, 49, 20] : 0
[0, 66, 49, 33] : 0
[1, 57, 49, 33] : 0
[2, 57, 49, 20] : 0
[0, 65, 63, 20] : 0
[1, 56, 63, 20] : 0
[2, 43, 63, 20] : 0
[0, 65, 49, 34] : 0
[0, 56, 49, 43] : 0
[1, 56, 49, 34] : 0
[2, 43, 49, 34] : 0
[3, 43, 49, 20] : 0
[0, 55, 73, 20] : 0
[0, 55, 64, 29] : 0
[1, 55, 64, 20] : 0
[0, 51, 77, 20] : 0
[1, 42, 77, 20] : 0
[0, 51, 64, 33] : 0
[0, 42, 73, 33] : 0
[0, 42, 64, 42] : 0
[1, 42, 64, 33] : 0
[2, 42, 64, 20] : 0
[0, 50, 78, 20] : 0
[0, 41, 87, 20] : 0
[1, 41, 78, 20] : 0
[0, 37, 91, 20] : 0
[1, 28, 91, 20] : 0
[2, 28, 78, 20] : 0
[3, 28, 64, 20] : 0
[0, 64, 49, 35] : 0
[0, 55, 58, 35] : 0
[0, 55, 49, 44] : 0
[1, 55, 49, 35] : 0
[0, 51, 49, 48] : 0
[0, 42, 58, 48] : 0
[0, 42, 49, 57] : 0
[1, 42, 49, 48] : 0
[2, 42, 49, 35] : 0
[0, 50, 63, 35] : 0
[0, 41, 72, 35] : 0
[0, 41, 63, 44] : 0
[1, 41, 63, 35] : 0
[0, 37, 76, 35] : 0
[0, 28, 76, 44] : 0
[1, 28, 76, 35] : 0
[2, 28, 63, 35] : 0
[0, 50, 49, 49] : 0
[0, 41, 58, 49] : 0
[0, 41, 49, 58] : 0
[1, 41, 49, 49] : 0
[0, 37, 62, 49] : 0
[0, 28, 71, 49] : 0
[0, 28, 62, 58] : 0
[1, 28, 62, 49] : 0
[0, 37, 49, 62] : 0
[0, 28, 58, 62] : 0
[0, 28, 49, 71] : 0
[1, 28, 49, 62] : 0
[2, 28, 49, 49] : 0
[3, 28, 49, 35] : 0
[4, 28, 49, 20] : 0
[0, 79, 30, 39] : 0
[0, 70, 39, 39] : 0
[1, 70, 30, 39] : 0
[2, 57, 30, 39] : 0
[0, 65, 44, 39] : 0
[1, 56, 44, 39] : 0
[2, 43, 44, 39] : 0
[0, 65, 30, 53] : 0
[0, 56, 39, 53] : 0
[1, 56, 30, 53] : 0
[2, 43, 30, 53] : 0
[3, 43, 30, 39] : 0
[0, 64, 45, 39] : 0
[0, 55, 54, 39] : 0
[0, 55, 45, 48] : 0
[1, 55, 45, 39] : 0
[0, 51, 58, 39] : 0
[1, 42, 58, 39] : 0
[2, 42, 45, 39] : 0
[0, 50, 59, 39] : 0
[0, 41, 68, 39] : 0
[1, 41, 59, 39] : 0
[0, 37, 72, 39] : 0
[1, 28, 72, 39] : 0
[0, 37, 59, 52] : 0
[0, 28, 68, 52] : 0
[1, 28, 59, 52] : 0
[2, 28, 59, 39] : 0
[0, 50, 45, 53] : 0
[0, 41, 54, 53] : 0
[0, 41, 45, 62] : 0
[1, 41, 45, 53] : 0
[0, 37, 58, 53] : 0
[0, 28, 67, 53] : 0
[1, 28, 58, 53] : 0
[0, 37, 45, 66] : 0
[0, 28, 54, 66] : 0
[0, 28, 45, 75] : 0
[1, 28, 45, 66] : 0
[2, 28, 45, 53] : 0
[3, 28, 45, 39] : 0
[0, 55, 39, 54] : 0
[0, 55, 30, 63] : 0
[1, 55, 30, 54] : 0
[0, 42, 43, 63] : 0
[1, 42, 43, 54] : 0
[2, 42, 30, 54] : 0
[0, 41, 53, 54] : 0
[0, 41, 44, 63] : 0
[1, 41, 44, 54] : 0
[0, 37, 57, 54] : 0
[0, 28, 57, 63] : 0
[1, 28, 57, 54] : 0
[0, 37, 44, 67] : 0
[0, 28, 53, 67] : 0
[0, 28, 44, 76] : 0
[1, 28, 44, 67] : 0
[2, 28, 44, 54] : 0
[0, 41, 39, 68] : 0
[1, 41, 30, 68] : 0
[0, 37, 43, 68] : 0
[0, 28, 52, 68] : 0
[0, 28, 43, 77] : 0
[1, 28, 43, 68] : 0
[0, 37, 30, 81] : 0
[0, 28, 39, 81] : 0
[0, 28, 30, 90] : 0
[1, 28, 30, 81] : 0
[2, 28, 30, 68] : 0
[3, 28, 30, 54] : 0
[4, 28, 30, 39] : 0
[5, 28, 30, 20] : 0
[6, 28, 30, 0] : 0
[1, 68, 71, 0] : 0
[0, 68, 58, 22] : 0
[1, 68, 58, 13] : 0
[2, 68, 58, 0] : 0
[0, 54, 85, 9] : 0
[1, 54, 85, 0] : 0
[1, 54, 72, 13] : 0
[2, 54, 72, 0] : 0
[0, 54, 71, 23] : 0
[1, 54, 71, 14] : 0
[0, 54, 58, 36] : 0
[1, 54, 58, 27] : 0
[2, 54, 58, 14] : 0
[3, 54, 58, 0] : 0
[0, 66, 73, 9] : 0
[1, 66, 73, 0] : 0
[1, 53, 86, 0] : 0
[0, 53, 73, 22] : 0
[1, 53, 73, 13] : 0
[2, 53, 73, 0] : 0
[1, 52, 87, 0] : 0
[0, 39, 100, 9] : 0
[1, 39, 100, 0] : 0
[0, 39, 87, 22] : 0
[1, 39, 87, 13] : 0
[2, 39, 87, 0] : 0
[0, 52, 73, 23] : 0
[1, 52, 73, 14] : 0
[0, 39, 86, 23] : 0
[1, 39, 86, 14] : 0
[0, 39, 73, 36] : 0
[1, 39, 73, 27] : 0
[2, 39, 73, 14] : 0
[3, 39, 73, 0] : 0
[0, 66, 58, 24] : 0
[1, 66, 58, 15] : 0
[0, 53, 71, 24] : 0
[1, 53, 71, 15] : 0
[0, 53, 58, 37] : 0
[1, 53, 58, 28] : 0
[2, 53, 58, 15] : 0
[1, 52, 72, 15] : 0
[0, 39, 85, 24] : 0
[1, 39, 85, 15] : 0
[0, 39, 72, 37] : 0
[1, 39, 72, 28] : 0
[2, 39, 72, 15] : 0
[0, 52, 58, 38] : 0
[1, 52, 58, 29] : 0
[0, 39, 71, 38] : 0
[1, 39, 71, 29] : 0
[0, 39, 58, 51] : 0
[1, 39, 58, 42] : 0
[2, 39, 58, 29] : 0
[3, 39, 58, 15] : 0
[4, 39, 58, 0] : 0
[0, 35, 113, 0] : 0
[0, 35, 104, 9] : 0
[1, 35, 104, 0] : 0
[0, 35, 100, 13] : 0
[0, 35, 91, 22] : 0
[1, 35, 91, 13] : 0
[2, 35, 91, 0] : 0
[0, 35, 99, 14] : 0
[0, 35, 90, 23] : 0
[1, 35, 90, 14] : 0
[0, 44, 77, 27] : 0
[0, 35, 86, 27] : 0
[0, 35, 77, 36] : 0
[1, 35, 77, 27] : 0
[2, 35, 77, 14] : 0
[3, 35, 77, 0] : 0
[0, 34, 114, 0] : 0
[0, 34, 105, 9] : 0
[1, 34, 105, 0] : 0
[0, 34, 101, 13] : 0
[0, 34, 92, 22] : 0
[1, 34, 92, 13] : 0
[2, 34, 92, 0] : 0
[0, 33, 115, 0] : 0
[0, 33, 106, 9] : 0
[1, 33, 106, 0] : 0
[0, 20, 128, 0] : 0
[0, 20, 119, 9] : 0
[1, 20, 119, 0] : 0
[0, 29, 106, 13] : 0
[0, 20, 115, 13] : 0
[0, 20, 106, 22] : 0
[1, 20, 106, 13] : 0
[2, 20, 106, 0] : 0
[0, 33, 101, 14] : 0
[0, 33, 92, 23] : 0
[1, 33, 92, 14] : 0
[0, 20, 114, 14] : 0
[0, 20, 105, 23] : 0
[1, 20, 105, 14] : 0
[0, 29, 92, 27] : 0
[0, 20, 101, 27] : 0
[0, 20, 92, 36] : 0
[1, 20, 92, 27] : 0
[2, 20, 92, 14] : 0
[3, 20, 92, 0] : 0
[0, 34, 99, 15] : 0
[0, 34, 90, 24] : 0
[1, 34, 90, 15] : 0
[0, 34, 86, 28] : 0
[0, 34, 77, 37] : 0
[1, 34, 77, 28] : 0
[2, 34, 77, 15] : 0
[0, 33, 100, 15] : 0
[0, 33, 91, 24] : 0
[1, 33, 91, 15] : 0
[0, 20, 113, 15] : 0
[0, 20, 104, 24] : 0
[1, 20, 104, 15] : 0
[0, 20, 100, 28] : 0
[0, 20, 91, 37] : 0
[1, 20, 91, 28] : 0
[2, 20, 91, 15] : 0
[0, 33, 86, 29] : 0
[0, 33, 77, 38] : 0
[1, 33, 77, 29] : 0
[0, 20, 99, 29] : 0
[0, 20, 90, 38] : 0
[1, 20, 90, 29] : 0
[0, 20, 86, 42] : 0
[0, 20, 77, 51] : 0
[1, 20, 77, 42] : 0
[2, 20, 77, 29] : 0
[3, 20, 77, 15] : 0
[4, 20, 77, 0] : 0
[1, 49, 71, 19] : 0
[2, 49, 58, 19] : 0
[0, 35, 94, 19] : 0
[0, 35, 85, 28] : 0
[1, 35, 85, 19] : 0
[2, 35, 72, 19] : 0
[0, 35, 80, 33] : 0
[0, 35, 71, 42] : 0
[1, 35, 71, 33] : 0
[0, 35, 67, 46] : 0
[0, 35, 58, 55] : 0
[1, 35, 58, 46] : 0
[2, 35, 58, 33] : 0
[3, 35, 58, 19] : 0
[1, 47, 73, 19] : 0
[0, 34, 95, 19] : 0
[1, 34, 86, 19] : 0
[2, 34, 73, 19] : 0
[0, 33, 96, 19] : 0
[0, 33, 87, 28] : 0
[1, 33, 87, 19] : 0
[0, 20, 109, 19] : 0
[1, 20, 100, 19] : 0
[0, 20, 96, 32] : 0
[0, 20, 87, 41] : 0
[1, 20, 87, 32] : 0
[2, 20, 87, 19] : 0
[0, 33, 82, 33] : 0
[0, 33, 73, 42] : 0
[1, 33, 73, 33] : 0
[0, 20, 95, 33] : 0
[1, 20, 86, 33] : 0
[0, 20, 82, 46] : 0
[0, 20, 73, 55] : 0
[1, 20, 73, 46] : 0
[2, 20, 73, 33] : 0
[3, 20, 73, 19] : 0
[0, 34, 80, 34] : 0
[0, 34, 71, 43] : 0
[1, 34, 71, 34] : 0
[2, 34, 58, 34] : 0
[0, 33, 81, 34] : 0
[0, 33, 72, 43] : 0
[1, 33, 72, 34] : 0
[0, 20, 94, 34] : 0
[0, 20, 85, 43] : 0
[1, 20, 85, 34] : 0
[0, 20, 81, 47] : 0
[0, 20, 72, 56] : 0
[1, 20, 72, 47] : 0
[2, 20, 72, 34] : 0
[0, 33, 67, 48] : 0
[0, 33, 58, 57] : 0
[1, 33, 58, 48] : 0
[0, 20, 80, 48] : 0
[0, 20, 71, 57] : 0
[1, 20, 71, 48] : 0
[0, 20, 67, 61] : 0
[0, 20, 58, 70] : 0
[1, 20, 58, 61] : 0
[2, 20, 58, 48] : 0
[3, 20, 58, 34] : 0
[4, 20, 58, 19] : 0
[5, 20, 58, 0] : 0
[0, 34, 87, 27] : 0
[0, 34, 78, 36] : 0
[1, 34, 78, 27] : 0
[2, 34, 78, 14] : 0
[3, 34, 78, 0] : 0
[0, 46, 102, 0] : 0
[0, 46, 93, 9] : 0
[1, 46, 93, 0] : 0
[0, 33, 102, 13] : 0
[0, 33, 93, 22] : 0
[1, 33, 93, 13] : 0
[2, 33, 93, 0] : 0
[0, 32, 116, 0] : 0
[0, 32, 107, 9] : 0
[1, 32, 107, 0] : 0
[0, 19, 116, 13] : 0
[0, 19, 107, 22] : 0
[1, 19, 107, 13] : 0
[2, 19, 107, 0] : 0
[0, 32, 102, 14] : 0
[0, 32, 93, 23] : 0
[1, 32, 93, 14] : 0
[0, 19, 102, 27] : 0
[0, 19, 93, 36] : 0
[1, 19, 93, 27] : 0
[2, 19, 93, 14] : 0
[3, 19, 93, 0] : 0
[0, 33, 78, 37] : 0
[1, 33, 78, 28] : 0
[2, 33, 78, 15] : 0
[0, 32, 101, 15] : 0
[0, 32, 92, 24] : 0
[1, 32, 92, 15] : 0
[0, 19, 101, 28] : 0
[0, 19, 92, 37] : 0
[1, 19, 92, 28] : 0
[2, 19, 92, 15] : 0
[0, 32, 87, 29] : 0
[0, 32, 78, 38] : 0
[1, 32, 78, 29] : 0
[0, 19, 87, 42] : 0
[0, 19, 78, 51] : 0
[1, 19, 78, 42] : 0
[2, 19, 78, 29] : 0
[3, 19, 78, 15] : 0
[4, 19, 78, 0] : 0
[0, 38, 97, 13] : 0
[1, 29, 97, 13] : 0
[2, 29, 97, 0] : 0
[0, 24, 124, 0] : 0
[0, 15, 133, 0] : 0
[0, 15, 124, 9] : 0
[1, 15, 124, 0] : 0
[0, 24, 111, 13] : 0
[0, 15, 120, 13] : 0
[0, 15, 111, 22] : 0
[1, 15, 111, 13] : 0
[2, 15, 111, 0] : 0
[0, 24, 110, 14] : 0
[0, 15, 119, 14] : 0
[0, 15, 110, 23] : 0
[1, 15, 110, 14] : 0
[0, 24, 97, 27] : 0
[0, 15, 106, 27] : 0
[0, 15, 97, 36] : 0
[1, 15, 97, 27] : 0
[2, 15, 97, 14] : 0
[3, 15, 97, 0] : 0
[0, 23, 125, 0] : 0
[0, 14, 134, 0] : 0
[0, 14, 125, 9] : 0
[1, 14, 125, 0] : 0
[0, 23, 112, 13] : 0
[0, 14, 121, 13] : 0
[0, 14, 112, 22] : 0
[1, 14, 112, 13] : 0
[2, 14, 112, 0] : 0
[0, 22, 126, 0] : 0
[0, 13, 135, 0] : 0
[0, 13, 126, 9] : 0
[1, 13, 126, 0] : 0
[0, 9, 139, 0] : 0
[0, 0, 148, 0] : 0
[0, 0, 139, 9] : 0
[1, 0, 139, 0] : 0
[0, 9, 126, 13] : 0
[0, 0, 135, 13] : 0
[0, 0, 126, 22] : 0
[1, 0, 126, 13] : 0
[2, 0, 126, 0] : 0
[0, 22, 112, 14] : 0
[0, 13, 121, 14] : 0
[0, 13, 112, 23] : 0
[1, 13, 112, 14] : 0
[0, 9, 125, 14] : 0
[0, 0, 134, 14] : 0
[0, 0, 125, 23] : 0
[1, 0, 125, 14] : 0
[0, 9, 112, 27] : 0
[0, 0, 121, 27] : 0
[0, 0, 112, 36] : 0
[1, 0, 112, 27] : 0
[2, 0, 112, 14] : 0
[3, 0, 112, 0] : 0
[0, 23, 110, 15] : 0
[0, 14, 119, 15] : 0
[0, 14, 110, 24] : 0
[1, 14, 110, 15] : 0
[0, 23, 97, 28] : 0
[0, 14, 106, 28] : 0
[0, 14, 97, 37] : 0
[1, 14, 97, 28] : 0
[2, 14, 97, 15] : 0
[0, 22, 111, 15] : 0
[0, 13, 120, 15] : 0
[0, 13, 111, 24] : 0
[1, 13, 111, 15] : 0
[0, 9, 124, 15] : 0
[0, 0, 133, 15] : 0
[0, 0, 124, 24] : 0
[1, 0, 124, 15] : 0
[0, 9, 111, 28] : 0
[0, 0, 120, 28] : 0
[0, 0, 111, 37] : 0
[1, 0, 111, 28] : 0
[2, 0, 111, 15] : 0
[0, 22, 97, 29] : 0
[0, 13, 106, 29] : 0
[0, 13, 97, 38] : 0
[1, 13, 97, 29] : 0
[0, 9, 110, 29] : 0
[0, 0, 119, 29] : 0
[0, 0, 110, 38] : 0
[1, 0, 110, 29] : 0
[0, 9, 97, 42] : 0
[0, 0, 106, 42] : 0
[0, 0, 97, 51] : 0
[1, 0, 97, 42] : 0
[2, 0, 97, 29] : 0
[3, 0, 97, 15] : 0
[4, 0, 97, 0] : 0
[1, 29, 91, 19] : 0
[2, 29, 78, 19] : 0
[0, 24, 105, 19] : 0
[0, 15, 114, 19] : 0
[0, 15, 105, 28] : 0
[1, 15, 105, 19] : 0
[2, 15, 92, 19] : 0
[0, 24, 91, 33] : 0
[0, 15, 100, 33] : 0
[0, 15, 91, 42] : 0
[1, 15, 91, 33] : 0
[0, 24, 78, 46] : 0
[0, 15, 87, 46] : 0
[0, 15, 78, 55] : 0
[1, 15, 78, 46] : 0
[2, 15, 78, 33] : 0
[3, 15, 78, 19] : 0
[0, 36, 93, 19] : 0
[0, 27, 93, 28] : 0
[1, 27, 93, 19] : 0
[0, 23, 106, 19] : 0
[0, 14, 115, 19] : 0
[1, 14, 106, 19] : 0
[2, 14, 93, 19] : 0
[0, 22, 107, 19] : 0
[0, 13, 116, 19] : 0
[0, 13, 107, 28] : 0
[1, 13, 107, 19] : 0
[0, 9, 120, 19] : 0
[0, 0, 129, 19] : 0
[1, 0, 120, 19] : 0
[0, 9, 107, 32] : 0
[0, 0, 116, 32] : 0
[0, 0, 107, 41] : 0
[1, 0, 107, 32] : 0
[2, 0, 107, 19] : 0
[0, 22, 93, 33] : 0
[0, 13, 102, 33] : 0
[0, 13, 93, 42] : 0
[1, 13, 93, 33] : 0
[0, 9, 106, 33] : 0
[0, 0, 115, 33] : 0
[1, 0, 106, 33] : 0
[0, 9, 93, 46] : 0
[0, 0, 102, 46] : 0
[0, 0, 93, 55] : 0
[1, 0, 93, 46] : 0
[2, 0, 93, 33] : 0
[3, 0, 93, 19] : 0
[0, 23, 91, 34] : 0
[0, 14, 100, 34] : 0
[0, 14, 91, 43] : 0
[1, 14, 91, 34] : 0
[2, 14, 78, 34] : 0
[0, 22, 92, 34] : 0
[0, 13, 101, 34] : 0
[0, 13, 92, 43] : 0
[1, 13, 92, 34] : 0
[0, 9, 105, 34] : 0
[0, 0, 114, 34] : 0
[0, 0, 105, 43] : 0
[1, 0, 105, 34] : 0
[0, 9, 92, 47] : 0
[0, 0, 101, 47] : 0
[0, 0, 92, 56] : 0
[1, 0, 92, 47] : 0
[2, 0, 92, 34] : 0
[0, 22, 78, 48] : 0
[0, 13, 87, 48] : 0
[0, 13, 78, 57] : 0
[1, 13, 78, 48] : 0
[0, 9, 91, 48] : 0
[0, 0, 100, 48] : 0
[0, 0, 91, 57] : 0
[1, 0, 91, 48] : 0
[0, 9, 78, 61] : 0
[0, 0, 87, 61] : 0
[0, 0, 78, 70] : 0
[1, 0, 78, 61] : 0
[2, 0, 78, 48] : 0
[3, 0, 78, 34] : 0
[4, 0, 78, 19] : 0
[5, 0, 78, 0] : 0
[1, 48, 71, 20] : 0
[2, 48, 58, 20] : 0
[0, 34, 94, 20] : 0
[0, 34, 85, 29] : 0
[1, 34, 85, 20] : 0
[0, 34, 81, 33] : 0
[0, 34, 72, 42] : 0
[1, 34, 72, 33] : 0
[2, 34, 72, 20] : 0
[3, 34, 58, 20] : 0
[0, 46, 82, 20] : 0
[0, 46, 73, 29] : 0
[1, 46, 73, 20] : 0
[0, 33, 95, 20] : 0
[1, 33, 86, 20] : 0
[2, 33, 73, 20] : 0
[0, 32, 96, 20] : 0
[1, 32, 87, 20] : 0
[0, 19, 109, 20] : 0
[1, 19, 100, 20] : 0
[0, 19, 96, 33] : 0
[1, 19, 87, 33] : 0
[2, 19, 87, 20] : 0
[0, 32, 82, 34] : 0
[0, 32, 73, 43] : 0
[1, 32, 73, 34] : 0
[0, 19, 95, 34] : 0
[0, 19, 86, 43] : 0
[1, 19, 86, 34] : 0
[0, 19, 82, 47] : 0
[0, 19, 73, 56] : 0
[1, 19, 73, 47] : 0
[2, 19, 73, 34] : 0
[3, 19, 73, 20] : 0
[0, 46, 67, 35] : 0
[0, 46, 58, 44] : 0
[1, 46, 58, 35] : 0
[0, 33, 80, 35] : 0
[0, 33, 71, 44] : 0
[1, 33, 71, 35] : 0
[2, 33, 58, 35] : 0
[0, 32, 81, 35] : 0
[0, 32, 72, 44] : 0
[1, 32, 72, 35] : 0
[0, 19, 94, 35] : 0
[0, 19, 85, 44] : 0
[1, 19, 85, 35] : 0
[0, 19, 81, 48] : 0
[0, 19, 72, 57] : 0
[1, 19, 72, 48] : 0
[2, 19, 72, 35] : 0
[0, 32, 67, 49] : 0
[0, 32, 58, 58] : 0
[1, 32, 58, 49] : 0
[0, 19, 80, 49] : 0
[0, 19, 71, 58] : 0
[1, 19, 71, 49] : 0
[0, 19, 67, 62] : 0
[0, 19, 58, 71] : 0
[1, 19, 58, 62] : 0
[2, 19, 58, 49] : 0
[3, 19, 58, 35] : 0
[4, 19, 58, 20] : 0
[0, 38, 77, 33] : 0
[1, 29, 77, 33] : 0
[2, 29, 77, 20] : 0
[0, 24, 104, 20] : 0
[0, 15, 113, 20] : 0
[0, 15, 104, 29] : 0
[1, 15, 104, 20] : 0
[2, 15, 91, 20] : 0
[0, 24, 90, 34] : 0
[0, 15, 99, 34] : 0
[0, 15, 90, 43] : 0
[1, 15, 90, 34] : 0
[2, 15, 77, 34] : 0
[3, 15, 77, 20] : 0
[0, 23, 105, 20] : 0
[0, 14, 114, 20] : 0
[0, 14, 105, 29] : 0
[1, 14, 105, 20] : 0
[0, 23, 92, 33] : 0
[0, 14, 101, 33] : 0
[0, 14, 92, 42] : 0
[1, 14, 92, 33] : 0
[2, 14, 92, 20] : 0
[0, 22, 106, 20] : 0
[0, 13, 115, 20] : 0
[1, 13, 106, 20] : 0
[0, 9, 119, 20] : 0
[0, 0, 128, 20] : 0
[1, 0, 119, 20] : 0
[2, 0, 106, 20] : 0
[3, 0, 92, 20] : 0
[0, 23, 90, 35] : 0
[0, 14, 99, 35] : 0
[0, 14, 90, 44] : 0
[1, 14, 90, 35] : 0
[0, 23, 77, 48] : 0
[0, 14, 86, 48] : 0
[0, 14, 77, 57] : 0
[1, 14, 77, 48] : 0
[2, 14, 77, 35] : 0
[0, 22, 91, 35] : 0
[0, 13, 100, 35] : 0
[0, 13, 91, 44] : 0
[1, 13, 91, 35] : 0
[0, 9, 104, 35] : 0
[0, 0, 113, 35] : 0
[0, 0, 104, 44] : 0
[1, 0, 104, 35] : 0
[2, 0, 91, 35] : 0
[0, 22, 77, 49] : 0
[0, 13, 86, 49] : 0
[0, 13, 77, 58] : 0
[1, 13, 77, 49] : 0
[0, 9, 90, 49] : 0
[0, 0, 99, 49] : 0
[0, 0, 90, 58] : 0
[1, 0, 90, 49] : 0
[0, 9, 77, 62] : 0
[0, 0, 86, 62] : 0
[0, 0, 77, 71] : 0
[1, 0, 77, 62] : 0
[2, 0, 77, 49] : 0
[3, 0, 77, 35] : 0
[4, 0, 77, 20] : 0
[0, 38, 71, 39] : 0
[1, 29, 71, 39] : 0
[2, 29, 58, 39] : 0
[0, 24, 85, 39] : 0
[0, 15, 94, 39] : 0
[0, 15, 85, 48] : 0
[1, 15, 85, 39] : 0
[2, 15, 72, 39] : 0
[0, 24, 71, 53] : 0
[0, 15, 80, 53] : 0
[0, 15, 71, 62] : 0
[1, 15, 71, 53] : 0
[2, 15, 58, 53] : 0
[3, 15, 58, 39] : 0
[0, 36, 73, 39] : 0
[0, 27, 73, 48] : 0
[1, 27, 73, 39] : 0
[0, 23, 86, 39] : 0
[0, 14, 95, 39] : 0
[1, 14, 86, 39] : 0
[2, 14, 73, 39] : 0
[0, 22, 87, 39] : 0
[0, 13, 96, 39] : 0
[1, 13, 87, 39] : 0
[0, 9, 100, 39] : 0
[0, 0, 109, 39] : 0
[1, 0, 100, 39] : 0
[0, 9, 87, 52] : 0
[0, 0, 96, 52] : 0
[1, 0, 87, 52] : 0
[2, 0, 87, 39] : 0
[0, 22, 73, 53] : 0
[0, 13, 82, 53] : 0
[0, 13, 73, 62] : 0
[1, 13, 73, 53] : 0
[0, 9, 86, 53] : 0
[0, 0, 95, 53] : 0
[1, 0, 86, 53] : 0
[0, 9, 73, 66] : 0
[0, 0, 82, 66] : 0
[0, 0, 73, 75] : 0
[1, 0, 73, 66] : 0
[2, 0, 73, 53] : 0
[3, 0, 73, 39] : 0
[0, 27, 67, 54] : 0
[0, 27, 58, 63] : 0
[1, 27, 58, 54] : 0
[0, 23, 71, 54] : 0
[0, 14, 80, 54] : 0
[0, 14, 71, 63] : 0
[1, 14, 71, 54] : 0
[2, 14, 58, 54] : 0
[0, 22, 72, 54] : 0
[0, 13, 81, 54] : 0
[0, 13, 72, 63] : 0
[1, 13, 72, 54] : 0
[0, 9, 85, 54] : 0
[0, 0, 94, 54] : 0
[0, 0, 85, 63] : 0
[1, 0, 85, 54] : 0
[0, 9, 72, 67] : 0
[0, 0, 81, 67] : 0
[0, 0, 72, 76] : 0
[1, 0, 72, 67] : 0
[2, 0, 72, 54] : 0
[0, 22, 58, 68] : 0
[0, 13, 67, 68] : 0
[0, 13, 58, 77] : 0
[1, 13, 58, 68] : 0
[0, 9, 71, 68] : 0
[0, 0, 80, 68] : 0
[0, 0, 71, 77] : 0
[1, 0, 71, 68] : 0
[0, 9, 58, 81] : 0
[0, 0, 67, 81] : 0
[0, 0, 58, 90] : 0
[1, 0, 58, 81] : 0
[2, 0, 58, 68] : 0
[3, 0, 58, 54] : 0
[4, 0, 58, 39] : 0
[5, 0, 58, 20] : 0
[6, 0, 58, 0] : 0
[0, 68, 43, 37] : 0
[1, 68, 43, 28] : 0
[0, 68, 30, 50] : 0
[1, 68, 30, 41] : 0
[2, 68, 30, 28] : 0
[0, 54, 57, 37] : 0
[1, 54, 57, 28] : 0
[0, 54, 44, 50] : 0
[1, 54, 44, 41] : 0
[2, 54, 44, 28] : 0
[1, 54, 43, 42] : 0
[1, 54, 30, 55] : 0
[2, 54, 30, 42] : 0
[3, 54, 30, 28] : 0
[0, 66, 45, 37] : 0
[1, 66, 45, 28] : 0
[0, 53, 45, 50] : 0
[1, 53, 45, 41] : 0
[2, 53, 45, 28] : 0
[0, 52, 59, 37] : 0
[1, 52, 59, 28] : 0
[0, 39, 59, 50] : 0
[1, 39, 59, 41] : 0
[2, 39, 59, 28] : 0
[1, 52, 45, 42] : 0
[1, 39, 45, 55] : 0
[2, 39, 45, 42] : 0
[3, 39, 45, 28] : 0
[1, 66, 30, 43] : 0
[1, 53, 43, 43] : 0
[1, 53, 30, 56] : 0
[2, 53, 30, 43] : 0
[1, 52, 44, 43] : 0
[1, 39, 57, 43] : 0
[1, 39, 44, 56] : 0
[2, 39, 44, 43] : 0
[1, 52, 30, 57] : 0
[1, 39, 43, 57] : 0
[1, 39, 30, 70] : 0
[2, 39, 30, 57] : 0
[3, 39, 30, 43] : 0
[4, 39, 30, 28] : 0
[0, 35, 76, 37] : 0
[1, 35, 76, 28] : 0
[0, 35, 63, 50] : 0
[1, 35, 63, 41] : 0
[2, 35, 63, 28] : 0
[1, 35, 62, 42] : 0
[1, 35, 49, 55] : 0
[2, 35, 49, 42] : 0
[3, 35, 49, 28] : 0
[0, 34, 64, 50] : 0
[1, 34, 64, 41] : 0
[2, 34, 64, 28] : 0
[0, 20, 78, 50] : 0
[1, 20, 78, 41] : 0
[2, 20, 78, 28] : 0
[0, 33, 64, 51] : 0
[1, 33, 64, 42] : 0
[0, 20, 64, 64] : 0
[1, 20, 64, 55] : 0
[2, 20, 64, 42] : 0
[3, 20, 64, 28] : 0
[1, 47, 49, 43] : 0
[1, 34, 62, 43] : 0
[1, 34, 49, 56] : 0
[2, 34, 49, 43] : 0
[1, 33, 63, 43] : 0
[1, 20, 76, 43] : 0
[1, 20, 63, 56] : 0
[2, 20, 63, 43] : 0
[1, 33, 49, 57] : 0
[1, 20, 62, 57] : 0
[1, 20, 49, 70] : 0
[2, 20, 49, 57] : 0
[3, 20, 49, 43] : 0
[4, 20, 49, 28] : 0
[0, 35, 43, 70] : 0
[1, 35, 43, 61] : 0
[1, 35, 30, 74] : 0
[2, 35, 30, 61] : 0
[3, 35, 30, 47] : 0
[0, 34, 52, 62] : 0
[0, 34, 43, 71] : 0
[1, 34, 43, 62] : 0
[2, 34, 30, 62] : 0
[0, 42, 44, 62] : 0
[0, 33, 53, 62] : 0
[0, 33, 44, 71] : 0
[1, 33, 44, 62] : 0
[0, 20, 66, 62] : 0
[0, 20, 57, 71] : 0
[1, 20, 57, 62] : 0
[0, 20, 44, 84] : 0
[1, 20, 44, 75] : 0
[2, 20, 44, 62] : 0
[0, 33, 30, 85] : 0
[1, 33, 30, 76] : 0
[0, 20, 43, 85] : 0
[1, 20, 43, 76] : 0
[0, 20, 30, 98] : 0
[1, 20, 30, 89] : 0
[2, 20, 30, 76] : 0
[3, 20, 30, 62] : 0
[4, 20, 30, 47] : 0
[5, 20, 30, 28] : 0
[0, 48, 50, 50] : 0
[1, 48, 50, 41] : 0
[2, 48, 50, 28] : 0
[1, 34, 50, 55] : 0
[2, 34, 50, 42] : 0
[3, 34, 50, 28] : 0
[0, 46, 74, 28] : 0
[0, 46, 65, 37] : 0
[1, 46, 65, 28] : 0
[0, 33, 65, 50] : 0
[1, 33, 65, 41] : 0
[2, 33, 65, 28] : 0
[0, 32, 88, 28] : 0
[0, 32, 79, 37] : 0
[1, 32, 79, 28] : 0
[0, 19, 88, 41] : 0
[0, 19, 79, 50] : 0
[1, 19, 79, 41] : 0
[2, 19, 79, 28] : 0
[0, 32, 74, 42] : 0
[0, 32, 65, 51] : 0
[1, 32, 65, 42] : 0
[0, 19, 74, 55] : 0
[0, 19, 65, 64] : 0
[1, 19, 65, 55] : 0
[2, 19, 65, 42] : 0
[3, 19, 65, 28] : 0
[0, 46, 59, 43] : 0
[1, 46, 50, 43] : 0
[0, 33, 50, 65] : 0
[1, 33, 50, 56] : 0
[2, 33, 50, 43] : 0
[0, 32, 64, 52] : 0
[1, 32, 64, 43] : 0
[0, 19, 64, 65] : 0
[1, 19, 64, 56] : 0
[2, 19, 64, 43] : 0
[0, 32, 59, 57] : 0
[0, 32, 50, 66] : 0
[1, 32, 50, 57] : 0
[0, 19, 59, 70] : 0
[0, 19, 50, 79] : 0
[1, 19, 50, 70] : 0
[2, 19, 50, 57] : 0
[3, 19, 50, 43] : 0
[4, 19, 50, 28] : 0
[0, 38, 69, 41] : 0
[1, 29, 69, 41] : 0
[2, 29, 69, 28] : 0
[0, 24, 96, 28] : 0
[0, 15, 96, 37] : 0
[1, 15, 96, 28] : 0
[0, 24, 83, 41] : 0
[0, 15, 83, 50] : 0
[1, 15, 83, 41] : 0
[2, 15, 83, 28] : 0
[0, 24, 82, 42] : 0
[1, 15, 82, 42] : 0
[0, 24, 69, 55] : 0
[1, 15, 69, 55] : 0
[2, 15, 69, 42] : 0
[3, 15, 69, 28] : 0
[0, 36, 84, 28] : 0
[0, 27, 84, 37] : 0
[1, 27, 84, 28] : 0
[0, 23, 84, 41] : 0
[0, 14, 84, 50] : 0
[1, 14, 84, 41] : 0
[2, 14, 84, 28] : 0
[0, 22, 98, 28] : 0
[0, 13, 98, 37] : 0
[1, 13, 98, 28] : 0
[0, 9, 98, 41] : 0
[0, 0, 98, 50] : 0
[1, 0, 98, 41] : 0
[2, 0, 98, 28] : 0
[0, 22, 84, 42] : 0
[0, 13, 84, 51] : 0
[1, 13, 84, 42] : 0
[0, 9, 84, 55] : 0
[0, 0, 84, 64] : 0
[1, 0, 84, 55] : 0
[2, 0, 84, 42] : 0
[3, 0, 84, 28] : 0
[0, 36, 69, 43] : 0
[0, 27, 69, 52] : 0
[1, 27, 69, 43] : 0
[0, 23, 82, 43] : 0
[1, 14, 82, 43] : 0
[0, 23, 69, 56] : 0
[1, 14, 69, 56] : 0
[2, 14, 69, 43] : 0
[0, 22, 83, 43] : 0
[0, 13, 83, 52] : 0
[1, 13, 83, 43] : 0
[0, 9, 96, 43] : 0
[1, 0, 96, 43] : 0
[0, 9, 83, 56] : 0
[0, 0, 83, 65] : 0
[1, 0, 83, 56] : 0
[2, 0, 83, 43] : 0
[0, 22, 69, 57] : 0
[0, 13, 69, 66] : 0
[1, 13, 69, 57] : 0
[0, 9, 82, 57] : 0
[1, 0, 82, 57] : 0
[0, 9, 69, 70] : 0
[0, 0, 69, 79] : 0
[1, 0, 69, 70] : 0
[2, 0, 69, 57] : 0
[3, 0, 69, 43] : 0
[4, 0, 69, 28] : 0
[0, 24, 63, 61] : 0
[0, 15, 63, 70] : 0
[1, 15, 63, 61] : 0
[0, 24, 50, 74] : 0
[1, 15, 50, 74] : 0
[2, 15, 50, 61] : 0
[3, 15, 50, 47] : 0
[0, 36, 65, 47] : 0
[0, 27, 74, 47] : 0
[0, 27, 65, 56] : 0
[1, 27, 65, 47] : 0
[2, 14, 65, 47] : 0
[0, 22, 79, 47] : 0
[0, 13, 88, 47] : 0
[0, 13, 79, 56] : 0
[1, 13, 79, 47] : 0
[0, 9, 79, 60] : 0
[0, 0, 88, 60] : 0
[0, 0, 79, 69] : 0
[1, 0, 79, 60] : 0
[2, 0, 79, 47] : 0
[0, 22, 65, 61] : 0
[0, 13, 74, 61] : 0
[0, 13, 65, 70] : 0
[1, 13, 65, 61] : 0
[0, 9, 65, 74] : 0
[0, 0, 74, 74] : 0
[0, 0, 65, 83] : 0
[1, 0, 65, 74] : 0
[2, 0, 65, 61] : 0
[3, 0, 65, 47] : 0
[0, 36, 50, 62] : 0
[0, 27, 59, 62] : 0
[0, 27, 50, 71] : 0
[1, 27, 50, 62] : 0
[0, 23, 63, 62] : 0
[0, 14, 72, 62] : 0
[1, 14, 63, 62] : 0
[2, 14, 50, 62] : 0
[0, 22, 64, 62] : 0
[0, 13, 64, 71] : 0
[1, 13, 64, 62] : 0
[0, 9, 64, 75] : 0
[0, 0, 64, 84] : 0
[1, 0, 64, 75] : 0
[2, 0, 64, 62] : 0
[0, 22, 50, 76] : 0
[0, 13, 59, 76] : 0
[0, 13, 50, 85] : 0
[1, 13, 50, 76] : 0
[0, 9, 63, 76] : 0
[0, 0, 63, 85] : 0
[1, 0, 63, 76] : 0
[0, 9, 50, 89] : 0
[0, 0, 59, 89] : 0
[0, 0, 50, 98] : 0
[1, 0, 50, 89] : 0
[2, 0, 50, 76] : 0
[3, 0, 50, 62] : 0
[4, 0, 50, 47] : 0
[5, 0, 50, 28] : 0
[0, 34, 66, 48] : 0
[0, 34, 57, 57] : 0
[1, 34, 57, 48] : 0
[2, 34, 44, 48] : 0
[3, 34, 30, 48] : 0
[0, 46, 54, 48] : 0
[0, 46, 45, 57] : 0
[1, 46, 45, 48] : 0
[2, 33, 45, 48] : 0
[0, 32, 68, 48] : 0
[1, 32, 59, 48] : 0
[0, 19, 68, 61] : 0
[1, 19, 59, 61] : 0
[2, 19, 59, 48] : 0
[0, 32, 54, 62] : 0
[0, 32, 45, 71] : 0
[1, 32, 45, 62] : 0
[0, 19, 54, 75] : 0
[0, 19, 45, 84] : 0
[1, 19, 45, 75] : 0
[2, 19, 45, 62] : 0
[3, 19, 45, 48] : 0
[0, 46, 39, 63] : 0
[0, 46, 30, 72] : 0
[1, 46, 30, 63] : 0
[0, 33, 52, 63] : 0
[0, 33, 43, 72] : 0
[1, 33, 43, 63] : 0
[2, 33, 30, 63] : 0
[0, 32, 53, 63] : 0
[0, 32, 44, 72] : 0
[1, 32, 44, 63] : 0
[0, 19, 66, 63] : 0
[0, 19, 57, 72] : 0
[1, 19, 57, 63] : 0
[0, 19, 53, 76] : 0
[0, 19, 44, 85] : 0
[1, 19, 44, 76] : 0
[2, 19, 44, 63] : 0
[0, 19, 52, 77] : 0
[0, 19, 43, 86] : 0
[1, 19, 43, 77] : 0
[0, 19, 39, 90] : 0
[0, 19, 30, 99] : 0
[1, 19, 30, 90] : 0
[2, 19, 30, 77] : 0
[3, 19, 30, 63] : 0
[4, 19, 30, 48] : 0
[2, 29, 49, 48] : 0
[0, 24, 76, 48] : 0
[0, 15, 76, 57] : 0
[1, 15, 76, 48] : 0
[2, 15, 63, 48] : 0
[0, 24, 62, 62] : 0
[1, 15, 62, 62] : 0
[2, 15, 49, 62] : 0
[3, 15, 49, 48] : 0
[0, 36, 64, 48] : 0
[0, 27, 64, 57] : 0
[1, 27, 64, 48] : 0
[2, 14, 64, 48] : 0
[3, 0, 64, 48] : 0
[0, 36, 49, 63] : 0
[0, 27, 49, 72] : 0
[1, 27, 49, 63] : 0
[0, 23, 62, 63] : 0
[0, 14, 62, 72] : 0
[1, 14, 62, 63] : 0
[0, 23, 49, 76] : 0
[1, 14, 49, 76] : 0
[2, 14, 49, 63] : 0
[0, 22, 63, 63] : 0
[0, 13, 63, 72] : 0
[1, 13, 63, 63] : 0
[0, 9, 76, 63] : 0
[0, 0, 76, 72] : 0
[1, 0, 76, 63] : 0
[2, 0, 63, 63] : 0
[0, 13, 49, 86] : 0
[1, 13, 49, 77] : 0
[0, 9, 62, 77] : 0
[0, 0, 62, 86] : 0
[1, 0, 62, 77] : 0
[0, 9, 49, 90] : 0
[0, 0, 49, 99] : 0
[1, 0, 49, 90] : 0
[2, 0, 49, 77] : 0
[3, 0, 49, 63] : 0
[4, 0, 49, 48] : 0
[0, 24, 43, 81] : 0
[0, 15, 52, 81] : 0
[0, 15, 43, 90] : 0
[1, 15, 43, 81] : 0
[2, 15, 30, 81] : 0
[3, 15, 30, 67] : 0
[0, 36, 45, 67] : 0
[0, 27, 54, 67] : 0
[0, 27, 45, 76] : 0
[1, 27, 45, 67] : 0
[2, 14, 45, 67] : 0
[0, 22, 59, 67] : 0
[0, 13, 68, 67] : 0
[1, 13, 59, 67] : 0
[0, 9, 59, 80] : 0
[0, 0, 68, 80] : 0
[1, 0, 59, 80] : 0
[2, 0, 59, 67] : 0
[0, 22, 45, 81] : 0
[0, 13, 54, 81] : 0
[0, 13, 45, 90] : 0
[1, 13, 45, 81] : 0
[0, 9, 45, 94] : 0
[0, 0, 54, 94] : 0
[0, 0, 45, 103] : 0
[1, 0, 45, 94] : 0
[2, 0, 45, 81] : 0
[3, 0, 45, 67] : 0
[0, 27, 39, 82] : 0
[0, 27, 30, 91] : 0
[1, 27, 30, 82] : 0
[0, 23, 43, 82] : 0
[0, 14, 52, 82] : 0
[0, 14, 43, 91] : 0
[1, 14, 43, 82] : 0
[2, 14, 30, 82] : 0
[0, 22, 44, 82] : 0
[0, 13, 53, 82] : 0
[0, 13, 44, 91] : 0
[1, 13, 44, 82] : 0
[0, 9, 57, 82] : 0
[0, 0, 66, 82] : 0
[0, 0, 57, 91] : 0
[1, 0, 57, 82] : 0
[0, 9, 44, 95] : 0
[0, 0, 53, 95] : 0
[0, 0, 44, 104] : 0
[1, 0, 44, 95] : 0
[2, 0, 44, 82] : 0
[0, 13, 39, 96] : 0
[0, 13, 30, 105] : 0
[1, 13, 30, 96] : 0
[0, 9, 43, 96] : 0
[0, 0, 52, 96] : 0
[0, 0, 43, 105] : 0
[1, 0, 43, 96] : 0
[0, 9, 30, 109] : 0
[0, 0, 39, 109] : 0
[0, 0, 30, 118] : 0
[1, 0, 30, 109] : 0
[2, 0, 30, 96] : 0
[3, 0, 30, 82] : 0
[4, 0, 30, 67] : 0
[5, 0, 30, 48] : 0
[6, 0, 30, 28] : 0
[7, 0, 30, 0] : 0
[0, 118, 0, 30] : 0
[0, 109, 9, 30] : 0
[1, 109, 0, 30] : 0
[0, 105, 13, 30] : 0
[0, 96, 22, 30] : 0
[1, 96, 13, 30] : 0
[2, 96, 0, 30] : 0
[0, 104, 14, 30] : 0
[0, 95, 23, 30] : 0
[1, 95, 14, 30] : 0
[0, 91, 27, 30] : 0
[0, 82, 36, 30] : 0
[1, 82, 27, 30] : 0
[2, 82, 14, 30] : 0
[0, 95, 9, 44] : 0
[1, 95, 0, 44] : 0
[0, 82, 22, 44] : 0
[1, 82, 13, 44] : 0
[2, 82, 0, 44] : 0
[3, 82, 0, 30] : 0
[0, 103, 15, 30] : 0
[0, 94, 24, 30] : 0
[1, 94, 15, 30] : 0
[0, 90, 28, 30] : 0
[0, 81, 37, 30] : 0
[1, 81, 28, 30] : 0
[0, 81, 24, 43] : 0
[1, 81, 15, 43] : 0
[2, 81, 15, 30] : 0
[0, 89, 29, 30] : 0
[0, 80, 38, 30] : 0
[1, 80, 29, 30] : 0
[0, 67, 51, 30] : 0
[1, 67, 42, 30] : 0
[0, 67, 38, 43] : 0
[1, 67, 29, 43] : 0
[2, 67, 29, 30] : 0
[0, 89, 15, 44] : 0
[0, 80, 24, 44] : 0
[1, 80, 15, 44] : 0
[0, 67, 37, 44] : 0
[1, 67, 28, 44] : 0
[0, 67, 24, 57] : 0
[1, 67, 15, 57] : 0
[2, 67, 15, 44] : 0
[3, 67, 15, 30] : 0
[0, 90, 13, 45] : 0
[0, 81, 22, 45] : 0
[1, 81, 13, 45] : 0
[0, 81, 9, 58] : 0
[1, 81, 0, 58] : 0
[2, 81, 0, 45] : 0
[0, 76, 27, 45] : 0
[1, 67, 27, 45] : 0
[0, 76, 14, 58] : 0
[0, 67, 23, 58] : 0
[1, 67, 14, 58] : 0
[2, 67, 14, 45] : 0
[0, 89, 0, 59] : 0
[0, 80, 9, 59] : 0
[1, 80, 0, 59] : 0
[0, 76, 13, 59] : 0
[0, 67, 22, 59] : 0
[1, 67, 13, 59] : 0
[0, 67, 9, 72] : 0
[1, 67, 0, 72] : 0
[2, 67, 0, 59] : 0
[3, 67, 0, 45] : 0
[4, 67, 0, 30] : 0
[0, 99, 19, 30] : 0
[0, 90, 19, 39] : 0
[1, 90, 19, 30] : 0
[0, 86, 32, 30] : 0
[0, 77, 41, 30] : 0
[0, 77, 32, 39] : 0
[1, 77, 32, 30] : 0
[2, 77, 19, 30] : 0
[0, 76, 19, 53] : 0
[1, 76, 19, 44] : 0
[0, 63, 32, 53] : 0
[1, 63, 32, 44] : 0
[2, 63, 19, 44] : 0
[3, 63, 19, 30] : 0
[0, 84, 34, 30] : 0
[0, 75, 43, 30] : 0
[0, 75, 34, 39] : 0
[1, 75, 34, 30] : 0
[2, 62, 34, 30] : 0
[0, 70, 34, 44] : 0
[0, 61, 34, 53] : 0
[1, 61, 34, 44] : 0
[1, 48, 34, 57] : 0
[2, 48, 34, 44] : 0
[3, 48, 34, 30] : 0
[0, 75, 19, 54] : 0
[1, 75, 19, 45] : 0
[1, 62, 19, 58] : 0
[2, 62, 19, 45] : 0
[0, 61, 28, 59] : 0
[0, 61, 19, 68] : 0
[1, 61, 19, 59] : 0
[0, 48, 28, 72] : 0
[1, 48, 19, 72] : 0
[2, 48, 19, 59] : 0
[3, 48, 19, 45] : 0
[4, 48, 19, 30] : 0
[0, 85, 14, 49] : 0
[0, 76, 23, 49] : 0
[1, 76, 14, 49] : 0
[0, 72, 27, 49] : 0
[0, 63, 36, 49] : 0
[0, 63, 27, 58] : 0
[1, 63, 27, 49] : 0
[2, 63, 14, 49] : 0
[3, 63, 0, 49] : 0
[0, 84, 15, 49] : 0
[0, 75, 24, 49] : 0
[0, 75, 15, 58] : 0
[1, 75, 15, 49] : 0
[2, 62, 15, 49] : 0
[0, 70, 29, 49] : 0
[0, 61, 38, 49] : 0
[0, 61, 29, 58] : 0
[1, 61, 29, 49] : 0
[0, 48, 51, 49] : 0
[1, 48, 42, 49] : 0
[0, 48, 38, 62] : 0
[0, 48, 29, 71] : 0
[1, 48, 29, 62] : 0
[2, 48, 29, 49] : 0
[0, 70, 15, 63] : 0
[0, 61, 24, 63] : 0
[0, 61, 15, 72] : 0
[1, 61, 15, 63] : 0
[0, 48, 37, 63] : 0
[1, 48, 28, 63] : 0
[0, 48, 15, 85] : 0
[1, 48, 15, 76] : 0
[2, 48, 15, 63] : 0
[3, 48, 15, 49] : 0
[2, 62, 0, 64] : 0
[0, 57, 14, 77] : 0
[0, 48, 23, 77] : 0
[0, 48, 14, 86] : 0
[1, 48, 14, 77] : 0
[2, 48, 14, 64] : 0
[0, 70, 0, 78] : 0
[0, 61, 0, 87] : 0
[1, 61, 0, 78] : 0
[0, 57, 13, 78] : 0
[0, 48, 22, 78] : 0
[0, 48, 13, 87] : 0
[1, 48, 13, 78] : 0
[0, 48, 9, 91] : 0
[0, 48, 0, 100] : 0
[1, 48, 0, 91] : 0
[2, 48, 0, 78] : 0
[3, 48, 0, 64] : 0
[4, 48, 0, 49] : 0
[5, 48, 0, 30] : 0
[0, 98, 20, 30] : 0
[0, 89, 20, 39] : 0
[1, 89, 20, 30] : 0
[2, 76, 20, 30] : 0
[0, 84, 20, 44] : 0
[0, 75, 29, 44] : 0
[0, 75, 20, 53] : 0
[1, 75, 20, 44] : 0
[2, 62, 20, 44] : 0
[3, 62, 20, 30] : 0
[0, 83, 35, 30] : 0
[0, 74, 44, 30] : 0
[0, 74, 35, 39] : 0
[1, 74, 35, 30] : 0
[0, 70, 35, 43] : 0
[1, 61, 35, 43] : 0
[2, 61, 35, 30] : 0
[0, 69, 49, 30] : 0
[0, 60, 58, 30] : 0
[0, 60, 49, 39] : 0
[1, 60, 49, 30] : 0
[2, 47, 49, 30] : 0
[0, 69, 35, 44] : 0
[0, 60, 35, 53] : 0
[1, 60, 35, 44] : 0
[0, 56, 35, 57] : 0
[0, 47, 35, 66] : 0
[1, 47, 35, 57] : 0
[2, 47, 35, 44] : 0
[3, 47, 35, 30] : 0
[0, 70, 20, 58] : 0
[1, 61, 20, 58] : 0
[2, 61, 20, 45] : 0
[0, 56, 34, 58] : 0
[1, 47, 34, 58] : 0
[2, 47, 34, 45] : 0
[0, 69, 20, 59] : 0
[0, 60, 20, 68] : 0
[1, 60, 20, 59] : 0
[0, 56, 20, 72] : 0
[0, 47, 29, 72] : 0
[0, 47, 20, 81] : 0
[1, 47, 20, 72] : 0
[2, 47, 20, 59] : 0
[3, 47, 20, 45] : 0
[4, 47, 20, 30] : 0
[0, 79, 39, 30] : 0
[1, 70, 39, 30] : 0
[2, 57, 39, 30] : 0
[0, 65, 39, 44] : 0
[1, 56, 39, 44] : 0
[2, 43, 39, 44] : 0
[3, 43, 39, 30] : 0
[0, 64, 54, 30] : 0
[1, 55, 54, 30] : 0
[0, 51, 54, 43] : 0
[1, 42, 54, 43] : 0
[2, 42, 54, 30] : 0
[0, 50, 68, 30] : 0
[1, 41, 68, 30] : 0
[0, 37, 68, 43] : 0
[1, 28, 68, 43] : 0
[2, 28, 68, 30] : 0
[0, 50, 54, 44] : 0
[1, 41, 54, 44] : 0
[0, 37, 67, 44] : 0
[1, 28, 67, 44] : 0
[0, 37, 54, 57] : 0
[1, 28, 54, 57] : 0
[2, 28, 54, 44] : 0
[3, 28, 54, 30] : 0
[0, 51, 39, 58] : 0
[1, 42, 39, 58] : 0
[2, 42, 39, 45] : 0
[0, 41, 62, 45] : 0
[1, 41, 53, 45] : 0
[0, 37, 53, 58] : 0
[1, 28, 53, 58] : 0
[2, 28, 53, 45] : 0
[0, 41, 48, 59] : 0
[1, 41, 39, 59] : 0
[0, 37, 52, 59] : 0
[0, 28, 61, 59] : 0
[1, 28, 52, 59] : 0
[0, 37, 39, 72] : 0
[0, 28, 48, 72] : 0
[1, 28, 39, 72] : 0
[2, 28, 39, 59] : 0
[3, 28, 39, 45] : 0
[4, 28, 39, 30] : 0
[0, 79, 20, 49] : 0
[1, 70, 20, 49] : 0
[2, 57, 20, 49] : 0
[0, 65, 34, 49] : 0
[1, 56, 34, 49] : 0
[2, 43, 34, 49] : 0
[0, 65, 20, 63] : 0
[0, 56, 29, 63] : 0
[1, 56, 20, 63] : 0
[2, 43, 20, 63] : 0
[3, 43, 20, 49] : 0
[0, 64, 35, 49] : 0
[0, 55, 44, 49] : 0
[0, 55, 35, 58] : 0
[1, 55, 35, 49] : 0
[2, 42, 35, 49] : 0
[0, 50, 35, 63] : 0
[0, 41, 35, 72] : 0
[1, 41, 35, 63] : 0
[0, 37, 48, 63] : 0
[1, 28, 48, 63] : 0
[0, 37, 35, 76] : 0
[0, 28, 35, 85] : 0
[1, 28, 35, 76] : 0
[2, 28, 35, 63] : 0
[3, 28, 35, 49] : 0
[2, 42, 20, 64] : 0
[0, 28, 56, 64] : 0
[0, 28, 47, 73] : 0
[1, 28, 47, 64] : 0
[1, 28, 34, 77] : 0
[2, 28, 34, 64] : 0
[0, 28, 42, 78] : 0
[0, 28, 33, 87] : 0
[1, 28, 33, 78] : 0
[0, 28, 29, 91] : 0
[0, 28, 20, 100] : 0
[1, 28, 20, 91] : 0
[2, 28, 20, 78] : 0
[3, 28, 20, 64] : 0
[4, 28, 20, 49] : 0
[5, 28, 20, 30] : 0
[0, 89, 9, 50] : 0
[1, 89, 0, 50] : 0
[0, 85, 13, 50] : 0
[0, 76, 22, 50] : 0
[1, 76, 13, 50] : 0
[2, 76, 0, 50] : 0
[0, 75, 23, 50] : 0
[1, 75, 14, 50] : 0
[0, 71, 27, 50] : 0
[0, 62, 36, 50] : 0
[0, 62, 27, 59] : 0
[1, 62, 27, 50] : 0
[2, 62, 14, 50] : 0
[3, 62, 0, 50] : 0
[0, 74, 24, 50] : 0
[1, 74, 15, 50] : 0
[0, 70, 28, 50] : 0
[0, 61, 37, 50] : 0
[1, 61, 28, 50] : 0
[2, 61, 15, 50] : 0
[0, 60, 38, 50] : 0
[1, 60, 29, 50] : 0
[0, 47, 51, 50] : 0
[1, 47, 42, 50] : 0
[0, 47, 38, 63] : 0
[1, 47, 29, 63] : 0
[2, 47, 29, 50] : 0
[3, 47, 15, 50] : 0
[0, 70, 13, 65] : 0
[0, 61, 22, 65] : 0
[0, 61, 13, 74] : 0
[1, 61, 13, 65] : 0
[2, 61, 0, 65] : 0
[0, 56, 27, 65] : 0
[0, 47, 36, 65] : 0
[0, 47, 27, 74] : 0
[1, 47, 27, 65] : 0
[2, 47, 14, 65] : 0
[0, 56, 13, 79] : 0
[0, 47, 22, 79] : 0
[0, 47, 13, 88] : 0
[1, 47, 13, 79] : 0
[2, 47, 0, 79] : 0
[3, 47, 0, 65] : 0
[4, 47, 0, 50] : 0
[1, 70, 19, 50] : 0
[0, 66, 32, 50] : 0
[0, 57, 41, 50] : 0
[1, 57, 32, 50] : 0
[2, 57, 19, 50] : 0
[2, 43, 19, 64] : 0
[3, 43, 19, 50] : 0
[0, 55, 43, 50] : 0
[1, 55, 34, 50] : 0
[0, 51, 34, 63] : 0
[0, 42, 34, 72] : 0
[1, 42, 34, 63] : 0
[2, 42, 34, 50] : 0
[0, 41, 57, 50] : 0
[1, 41, 48, 50] : 0
[0, 37, 61, 50] : 0
[0, 28, 70, 50] : 0
[1, 28, 61, 50] : 0
[2, 28, 48, 50] : 0
[3, 28, 34, 50] : 0
[1, 55, 19, 65] : 0
[0, 42, 28, 78] : 0
[0, 42, 19, 87] : 0
[1, 42, 19, 78] : 0
[2, 42, 19, 65] : 0
[0, 41, 42, 65] : 0
[0, 41, 33, 74] : 0
[1, 41, 33, 65] : 0
[0, 37, 46, 65] : 0
[0, 28, 55, 65] : 0
[0, 28, 46, 74] : 0
[1, 28, 46, 65] : 0
[2, 28, 33, 65] : 0
[0, 28, 28, 92] : 0
[0, 28, 19, 101] : 0
[1, 28, 19, 92] : 0
[2, 28, 19, 79] : 0
[3, 28, 19, 65] : 0
[4, 28, 19, 50] : 0
[1, 70, 0, 69] : 0
[0, 57, 22, 69] : 0
[1, 57, 13, 69] : 0
[2, 57, 0, 69] : 0
[0, 56, 23, 69] : 0
[1, 56, 14, 69] : 0
[0, 52, 27, 69] : 0
[1, 43, 27, 69] : 0
[2, 43, 14, 69] : 0
[1, 56, 0, 83] : 0
[2, 43, 0, 83] : 0
[3, 43, 0, 69] : 0
[1, 55, 15, 69] : 0
[0, 42, 37, 69] : 0
[1, 42, 28, 69] : 0
[2, 42, 15, 69] : 0
[0, 41, 38, 69] : 0
[1, 41, 29, 69] : 0
[0, 37, 42, 69] : 0
[1, 28, 42, 69] : 0
[0, 37, 29, 82] : 0
[0, 28, 38, 82] : 0
[1, 28, 29, 82] : 0
[2, 28, 29, 69] : 0
[1, 41, 15, 83] : 0
[0, 28, 37, 83] : 0
[1, 28, 28, 83] : 0
[0, 28, 24, 96] : 0
[0, 28, 15, 105] : 0
[1, 28, 15, 96] : 0
[2, 28, 15, 83] : 0
[3, 28, 15, 69] : 0
[1, 55, 0, 84] : 0
[0, 42, 22, 84] : 0
[0, 42, 13, 93] : 0
[1, 42, 13, 84] : 0
[2, 42, 0, 84] : 0
[1, 41, 14, 84] : 0
[0, 37, 27, 84] : 0
[0, 28, 27, 93] : 0
[1, 28, 27, 84] : 0
[0, 28, 23, 97] : 0
[0, 28, 14, 106] : 0
[1, 28, 14, 97] : 0
[2, 28, 14, 84] : 0
[1, 41, 0, 98] : 0
[0, 37, 13, 98] : 0
[0, 28, 22, 98] : 0
[0, 28, 13, 107] : 0
[1, 28, 13, 98] : 0
[0, 28, 9, 111] : 0
[0, 28, 0, 120] : 0
[1, 28, 0, 111] : 0
[2, 28, 0, 98] : 0
[3, 28, 0, 84] : 0
[4, 28, 0, 69] : 0
[5, 28, 0, 50] : 0
[6, 28, 0, 30] : 0
[0, 68, 50, 30] : 0
[1, 68, 41, 30] : 0
[0, 68, 37, 43] : 0
[1, 68, 28, 43] : 0
[2, 68, 28, 30] : 0
[0, 54, 64, 30] : 0
[1, 54, 55, 30] : 0
[0, 54, 51, 43] : 0
[1, 54, 42, 43] : 0
[2, 54, 42, 30] : 0
[0, 54, 50, 44] : 0
[1, 54, 41, 44] : 0
[0, 54, 37, 57] : 0
[1, 54, 28, 57] : 0
[2, 54, 28, 44] : 0
[3, 54, 28, 30] : 0
[1, 66, 43, 30] : 0
[1, 53, 56, 30] : 0
[2, 53, 43, 30] : 0
[1, 52, 57, 30] : 0
[0, 39, 79, 30] : 0
[1, 39, 70, 30] : 0
[2, 39, 57, 30] : 0
[1, 52, 43, 44] : 0
[0, 39, 65, 44] : 0
[1, 39, 56, 44] : 0
[2, 39, 43, 44] : 0
[3, 39, 43, 30] : 0
[1, 53, 41, 45] : 0
[0, 53, 37, 58] : 0
[1, 53, 28, 58] : 0
[2, 53, 28, 45] : 0
[1, 52, 42, 45] : 0
[1, 39, 55, 45] : 0
[0, 39, 51, 58] : 0
[1, 39, 42, 58] : 0
[2, 39, 42, 45] : 0
[0, 52, 37, 59] : 0
[1, 52, 28, 59] : 0
[0, 39, 50, 59] : 0
[1, 39, 41, 59] : 0
[0, 39, 37, 72] : 0
[1, 39, 28, 72] : 0
[2, 39, 28, 59] : 0
[3, 39, 28, 45] : 0
[4, 39, 28, 30] : 0
[0, 35, 74, 39] : 0
[1, 35, 74, 30] : 0
[0, 35, 70, 43] : 0
[1, 35, 61, 43] : 0
[2, 35, 61, 30] : 0
[0, 35, 69, 44] : 0
[0, 35, 60, 53] : 0
[1, 35, 60, 44] : 0
[0, 35, 56, 57] : 0
[1, 35, 47, 57] : 0
[2, 35, 47, 44] : 0
[3, 35, 47, 30] : 0
[0, 34, 84, 30] : 0
[0, 34, 75, 39] : 0
[1, 34, 75, 30] : 0
[2, 34, 62, 30] : 0
[0, 20, 98, 30] : 0
[0, 20, 89, 39] : 0
[1, 20, 89, 30] : 0
[2, 20, 76, 30] : 0
[0, 33, 62, 53] : 0
[1, 33, 62, 44] : 0
[0, 20, 84, 44] : 0
[0, 20, 75, 53] : 0
[1, 20, 75, 44] : 0
[2, 20, 62, 44] : 0
[3, 20, 62, 30] : 0
[0, 34, 56, 58] : 0
[1, 34, 47, 58] : 0
[2, 34, 47, 45] : 0
[0, 33, 70, 45] : 0
[0, 33, 61, 54] : 0
[1, 33, 61, 45] : 0
[0, 20, 70, 58] : 0
[1, 20, 61, 58] : 0
[2, 20, 61, 45] : 0
[0, 33, 56, 59] : 0
[0, 33, 47, 68] : 0
[1, 33, 47, 59] : 0
[0, 20, 56, 72] : 0
[1, 20, 47, 72] : 0
[2, 20, 47, 59] : 0
[3, 20, 47, 45] : 0
[4, 20, 47, 30] : 0
[0, 35, 64, 49] : 0
[0, 35, 55, 58] : 0
[1, 35, 55, 49] : 0
[2, 35, 42, 49] : 0
[0, 35, 50, 63] : 0
[0, 35, 41, 72] : 0
[1, 35, 41, 63] : 0
[0, 35, 37, 76] : 0
[0, 35, 28, 85] : 0
[1, 35, 28, 76] : 0
[2, 35, 28, 63] : 0
[3, 35, 28, 49] : 0
[0, 34, 65, 49] : 0
[1, 34, 56, 49] : 0
[2, 34, 43, 49] : 0
[0, 33, 66, 49] : 0
[0, 33, 57, 58] : 0
[1, 33, 57, 49] : 0
[0, 20, 79, 49] : 0
[1, 20, 70, 49] : 0
[2, 20, 57, 49] : 0
[0, 20, 65, 63] : 0
[1, 20, 56, 63] : 0
[2, 20, 43, 63] : 0
[3, 20, 43, 49] : 0
[2, 34, 28, 64] : 0
[0, 33, 51, 64] : 0
[0, 33, 42, 73] : 0
[1, 33, 42, 64] : 0
[1, 20, 55, 64] : 0
[0, 20, 51, 77] : 0
[0, 20, 42, 86] : 0
[1, 20, 42, 77] : 0
[2, 20, 42, 64] : 0
[0, 33, 37, 78] : 0
[0, 33, 28, 87] : 0
[1, 33, 28, 78] : 0
[0, 20, 50, 78] : 0
[1, 20, 41, 78] : 0
[0, 20, 37, 91] : 0
[0, 20, 28, 100] : 0
[1, 20, 28, 91] : 0
[2, 20, 28, 78] : 0
[3, 20, 28, 64] : 0
[4, 20, 28, 49] : 0
[5, 20, 28, 30] : 0
[1, 34, 48, 57] : 0
[2, 34, 48, 44] : 0
[3, 34, 48, 30] : 0
[1, 33, 48, 58] : 0
[2, 33, 48, 45] : 0
[0, 32, 71, 45] : 0
[0, 32, 62, 54] : 0
[1, 32, 62, 45] : 0
[0, 19, 62, 67] : 0
[1, 19, 62, 58] : 0
[2, 19, 62, 45] : 0
[0, 32, 57, 59] : 0
[0, 32, 48, 68] : 0
[1, 32, 48, 59] : 0
[0, 19, 48, 81] : 0
[1, 19, 48, 72] : 0
[2, 19, 48, 59] : 0
[3, 19, 48, 45] : 0
[4, 19, 48, 30] : 0
[0, 24, 94, 30] : 0
[0, 15, 103, 30] : 0
[1, 15, 94, 30] : 0
[0, 24, 81, 43] : 0
[1, 15, 81, 43] : 0
[2, 15, 81, 30] : 0
[0, 24, 80, 44] : 0
[0, 15, 89, 44] : 0
[1, 15, 80, 44] : 0
[0, 24, 67, 57] : 0
[1, 15, 67, 57] : 0
[2, 15, 67, 44] : 0
[3, 15, 67, 30] : 0
[0, 9, 109, 30] : 0
[0, 0, 118, 30] : 0
[1, 0, 109, 30] : 0
[2, 0, 96, 30] : 0
[0, 9, 95, 44] : 0
[1, 0, 95, 44] : 0
[2, 0, 82, 44] : 0
[3, 0, 82, 30] : 0
[0, 23, 80, 45] : 0
[0, 14, 89, 45] : 0
[1, 14, 80, 45] : 0
[0, 23, 67, 58] : 0
[1, 14, 67, 58] : 0
[2, 14, 67, 45] : 0
[0, 22, 81, 45] : 0
[0, 13, 90, 45] : 0
[1, 13, 81, 45] : 0
[0, 9, 94, 45] : 0
[0, 0, 103, 45] : 0
[1, 0, 94, 45] : 0
[0, 9, 81, 58] : 0
[1, 0, 81, 58] : 0
[2, 0, 81, 45] : 0
[0, 22, 67, 59] : 0
[1, 13, 67, 59] : 0
[0, 9, 80, 59] : 0
[0, 0, 89, 59] : 0
[1, 0, 80, 59] : 0
[0, 9, 67, 72] : 0
[1, 0, 67, 72] : 0
[2, 0, 67, 59] : 0
[3, 0, 67, 45] : 0
[4, 0, 67, 30] : 0
[0, 24, 75, 49] : 0
[0, 15, 84, 49] : 0
[0, 15, 75, 58] : 0
[1, 15, 75, 49] : 0
[2, 15, 62, 49] : 0
[0, 24, 61, 63] : 0
[0, 15, 70, 63] : 0
[0, 15, 61, 72] : 0
[1, 15, 61, 63] : 0
[0, 24, 48, 76] : 0
[0, 15, 48, 85] : 0
[1, 15, 48, 76] : 0
[2, 15, 48, 63] : 0
[3, 15, 48, 49] : 0
[3, 0, 63, 49] : 0
[0, 23, 61, 64] : 0
[0, 14, 70, 64] : 0
[0, 14, 61, 73] : 0
[1, 14, 61, 64] : 0
[2, 14, 48, 64] : 0
[0, 13, 71, 64] : 0
[0, 13, 62, 73] : 0
[1, 13, 62, 64] : 0
[0, 9, 75, 64] : 0
[0, 0, 75, 73] : 0
[1, 0, 75, 64] : 0
[2, 0, 62, 64] : 0
[0, 13, 57, 78] : 0
[0, 13, 48, 87] : 0
[1, 13, 48, 78] : 0
[0, 9, 61, 78] : 0
[0, 0, 70, 78] : 0
[0, 0, 61, 87] : 0
[1, 0, 61, 78] : 0
[0, 9, 48, 91] : 0
[0, 0, 48, 100] : 0
[1, 0, 48, 91] : 0
[2, 0, 48, 78] : 0
[3, 0, 48, 64] : 0
[4, 0, 48, 49] : 0
[5, 0, 48, 30] : 0
[1, 48, 41, 50] : 0
[2, 48, 28, 50] : 0
[0, 34, 55, 59] : 0
[1, 34, 55, 50] : 0
[0, 34, 51, 63] : 0
[0, 34, 42, 72] : 0
[1, 34, 42, 63] : 0
[2, 34, 42, 50] : 0
[3, 34, 28, 50] : 0
[0, 46, 52, 50] : 0
[1, 46, 43, 50] : 0
[1, 33, 56, 50] : 0
[2, 33, 43, 50] : 0
[0, 32, 66, 50] : 0
[1, 32, 57, 50] : 0
[1, 19, 70, 50] : 0
[2, 19, 57, 50] : 0
[0, 19, 56, 73] : 0
[1, 19, 56, 64] : 0
[2, 19, 43, 64] : 0
[3, 19, 43, 50] : 0
[1, 33, 41, 65] : 0
[2, 33, 28, 65] : 0
[0, 32, 51, 65] : 0
[0, 32, 42, 74] : 0
[1, 32, 42, 65] : 0
[0, 19, 55, 74] : 0
[1, 19, 55, 65] : 0
[0, 19, 51, 78] : 0
[0, 19, 42, 87] : 0
[1, 19, 42, 78] : 0
[2, 19, 42, 65] : 0
[0, 19, 41, 88] : 0
[1, 19, 41, 79] : 0
[0, 19, 37, 92] : 0
[0, 19, 28, 101] : 0
[1, 19, 28, 92] : 0
[2, 19, 28, 79] : 0
[3, 19, 28, 65] : 0
[4, 19, 28, 50] : 0
[0, 24, 74, 50] : 0
[0, 15, 74, 59] : 0
[1, 15, 74, 50] : 0
[2, 15, 61, 50] : 0
[2, 15, 47, 64] : 0
[3, 15, 47, 50] : 0
[0, 23, 75, 50] : 0
[0, 14, 75, 59] : 0
[1, 14, 75, 50] : 0
[2, 14, 62, 50] : 0
[0, 9, 89, 50] : 0
[1, 0, 89, 50] : 0
[2, 0, 76, 50] : 0
[3, 0, 62, 50] : 0
[0, 23, 47, 78] : 0
[0, 14, 56, 78] : 0
[0, 14, 47, 87] : 0
[1, 14, 47, 78] : 0
[2, 14, 47, 65] : 0
[0, 22, 61, 65] : 0
[0, 13, 70, 65] : 0
[0, 13, 61, 74] : 0
[1, 13, 61, 65] : 0
[0, 9, 74, 65] : 0
[1, 0, 74, 65] : 0
[2, 0, 61, 65] : 0
[0, 13, 56, 79] : 0
[0, 13, 47, 88] : 0
[1, 13, 47, 79] : 0
[0, 9, 60, 79] : 0
[0, 0, 60, 88] : 0
[1, 0, 60, 79] : 0
[0, 9, 47, 92] : 0
[0, 0, 56, 92] : 0
[0, 0, 47, 101] : 0
[1, 0, 47, 92] : 0
[2, 0, 47, 79] : 0
[3, 0, 47, 65] : 0
[4, 0, 47, 50] : 0
[0, 38, 41, 69] : 0
[1, 29, 41, 69] : 0
[2, 29, 28, 69] : 0
[0, 24, 55, 69] : 0
[1, 15, 55, 69] : 0
[2, 15, 42, 69] : 0
[2, 15, 28, 83] : 0
[3, 15, 28, 69] : 0
[0, 27, 43, 78] : 0
[1, 27, 43, 69] : 0
[0, 23, 56, 69] : 0
[1, 14, 56, 69] : 0
[2, 14, 43, 69] : 0
[0, 22, 57, 69] : 0
[0, 13, 66, 69] : 0
[1, 13, 57, 69] : 0
[0, 9, 70, 69] : 0
[1, 0, 70, 69] : 0
[2, 0, 57, 69] : 0
[0, 13, 52, 83] : 0
[0, 13, 43, 92] : 0
[1, 13, 43, 83] : 0
[0, 9, 56, 83] : 0
[1, 0, 56, 83] : 0
[2, 0, 43, 83] : 0
[3, 0, 43, 69] : 0
[0, 27, 37, 84] : 0
[0, 27, 28, 93] : 0
[1, 27, 28, 84] : 0
[0, 23, 41, 84] : 0
[1, 14, 41, 84] : 0
[2, 14, 28, 84] : 0
[0, 22, 42, 84] : 0
[0, 13, 51, 84] : 0
[0, 13, 42, 93] : 0
[1, 13, 42, 84] : 0
[0, 9, 55, 84] : 0
[0, 0, 55, 93] : 0
[1, 0, 55, 84] : 0
[0, 9, 42, 97] : 0
[0, 0, 51, 97] : 0
[0, 0, 42, 106] : 0
[1, 0, 42, 97] : 0
[2, 0, 42, 84] : 0
[0, 13, 37, 98] : 0
[0, 13, 28, 107] : 0
[1, 13, 28, 98] : 0
[0, 9, 41, 98] : 0
[0, 0, 41, 107] : 0
[1, 0, 41, 98] : 0
[0, 9, 28, 111] : 0
[0, 0, 37, 111] : 0
[0, 0, 28, 120] : 0
[1, 0, 28, 111] : 0
[2, 0, 28, 98] : 0
[3, 0, 28, 84] : 0
[4, 0, 28, 69] : 0
[5, 0, 28, 50] : 0
[6, 0, 28, 30] : 0
[0, 68, 22, 58] : 0
[1, 68, 13, 58] : 0
[1, 68, 0, 71] : 0
[2, 68, 0, 58] : 0
[0, 54, 36, 58] : 0
[1, 54, 27, 58] : 0
[1, 54, 14, 71] : 0
[2, 54, 14, 58] : 0
[0, 54, 22, 72] : 0
[1, 54, 13, 72] : 0
[0, 54, 9, 85] : 0
[1, 54, 0, 85] : 0
[2, 54, 0, 72] : 0
[3, 54, 0, 58] : 0
[0, 66, 24, 58] : 0
[1, 66, 15, 58] : 0
[1, 53, 15, 71] : 0
[2, 53, 15, 58] : 0
[0, 52, 38, 58] : 0
[1, 52, 29, 58] : 0
[1, 39, 29, 71] : 0
[2, 39, 29, 58] : 0
[0, 52, 24, 72] : 0
[1, 52, 15, 72] : 0
[0, 39, 24, 85] : 0
[1, 39, 15, 85] : 0
[2, 39, 15, 72] : 0
[3, 39, 15, 58] : 0
[0, 53, 22, 73] : 0
[1, 53, 13, 73] : 0
[1, 53, 0, 86] : 0
[2, 53, 0, 73] : 0
[1, 52, 14, 73] : 0
[1, 39, 27, 73] : 0
[0, 39, 23, 86] : 0
[1, 39, 14, 86] : 0
[2, 39, 14, 73] : 0
[1, 52, 0, 87] : 0
[0, 39, 22, 87] : 0
[1, 39, 13, 87] : 0
[0, 39, 9, 100] : 0
[1, 39, 0, 100] : 0
[2, 39, 0, 87] : 0
[3, 39, 0, 73] : 0
[4, 39, 0, 58] : 0
[0, 49, 32, 67] : 0
[1, 49, 32, 58] : 0
[1, 49, 19, 71] : 0
[2, 49, 19, 58] : 0
[0, 35, 46, 67] : 0
[1, 35, 46, 58] : 0
[1, 35, 33, 71] : 0
[2, 35, 33, 58] : 0
[1, 35, 32, 72] : 0
[1, 35, 19, 85] : 0
[2, 35, 19, 72] : 0
[3, 35, 19, 58] : 0
[1, 34, 34, 71] : 0
[2, 34, 34, 58] : 0
[1, 20, 48, 71] : 0
[2, 20, 48, 58] : 0
[1, 33, 34, 72] : 0
[1, 20, 34, 85] : 0
[2, 20, 34, 72] : 0
[3, 20, 34, 58] : 0
[1, 47, 19, 73] : 0
[1, 34, 19, 86] : 0
[2, 34, 19, 73] : 0
[1, 33, 33, 73] : 0
[1, 20, 33, 86] : 0
[2, 20, 33, 73] : 0
[1, 33, 19, 87] : 0
[1, 20, 19, 100] : 0
[2, 20, 19, 87] : 0
[3, 20, 19, 73] : 0
[4, 20, 19, 58] : 0
[0, 35, 13, 100] : 0
[1, 35, 13, 91] : 0
[1, 35, 0, 104] : 0
[2, 35, 0, 91] : 0
[3, 35, 0, 77] : 0
[2, 34, 0, 92] : 0
[0, 42, 14, 92] : 0
[0, 33, 23, 92] : 0
[0, 33, 14, 101] : 0
[1, 33, 14, 92] : 0
[0, 20, 36, 92] : 0
[0, 20, 27, 101] : 0
[1, 20, 27, 92] : 0
[0, 20, 14, 114] : 0
[1, 20, 14, 105] : 0
[2, 20, 14, 92] : 0
[1, 33, 0, 106] : 0
[0, 20, 13, 115] : 0
[1, 20, 13, 106] : 0
[0, 20, 0, 128] : 0
[1, 20, 0, 119] : 0
[2, 20, 0, 106] : 0
[3, 20, 0, 92] : 0
[4, 20, 0, 77] : 0
[5, 20, 0, 58] : 0
[1, 48, 20, 71] : 0
[2, 48, 20, 58] : 0
[1, 34, 20, 85] : 0
[2, 34, 20, 72] : 0
[3, 34, 20, 58] : 0
[0, 46, 44, 58] : 0
[0, 46, 35, 67] : 0
[1, 46, 35, 58] : 0
[1, 33, 35, 71] : 0
[2, 33, 35, 58] : 0
[0, 32, 49, 67] : 0
[1, 32, 49, 58] : 0
[0, 19, 49, 80] : 0
[1, 19, 49, 71] : 0
[2, 19, 49, 58] : 0
[0, 32, 35, 81] : 0
[1, 32, 35, 72] : 0
[0, 19, 35, 94] : 0
[1, 19, 35, 85] : 0
[2, 19, 35, 72] : 0
[3, 19, 35, 58] : 0
[1, 33, 20, 86] : 0
[2, 33, 20, 73] : 0
[0, 32, 34, 82] : 0
[1, 32, 34, 73] : 0
[0, 19, 34, 95] : 0
[1, 19, 34, 86] : 0
[2, 19, 34, 73] : 0
[1, 32, 20, 87] : 0
[0, 19, 29, 100] : 0
[0, 19, 20, 109] : 0
[1, 19, 20, 100] : 0
[2, 19, 20, 87] : 0
[3, 19, 20, 73] : 0
[4, 19, 20, 58] : 0
[2, 29, 39, 58] : 0
[0, 24, 66, 58] : 0
[1, 15, 66, 58] : 0
[2, 15, 53, 58] : 0
[0, 24, 52, 72] : 0
[1, 15, 52, 72] : 0
[0, 24, 39, 85] : 0
[1, 15, 39, 85] : 0
[2, 15, 39, 72] : 0
[3, 15, 39, 58] : 0
[0, 36, 54, 58] : 0
[1, 27, 54, 58] : 0
[2, 14, 54, 58] : 0
[0, 22, 68, 58] : 0
[1, 13, 68, 58] : 0
[0, 9, 68, 71] : 0
[1, 0, 68, 71] : 0
[2, 0, 68, 58] : 0
[0, 22, 54, 72] : 0
[1, 13, 54, 72] : 0
[0, 9, 54, 85] : 0
[1, 0, 54, 85] : 0
[2, 0, 54, 72] : 0
[3, 0, 54, 58] : 0
[1, 27, 39, 73] : 0
[0, 23, 52, 73] : 0
[1, 14, 52, 73] : 0
[2, 14, 39, 73] : 0
[1, 13, 53, 73] : 0
[0, 9, 66, 73] : 0
[1, 0, 66, 73] : 0
[0, 9, 53, 86] : 0
[1, 0, 53, 86] : 0
[2, 0, 53, 73] : 0
[1, 13, 39, 87] : 0
[0, 9, 52, 87] : 0
[1, 0, 52, 87] : 0
[0, 9, 39, 100] : 0
[1, 0, 39, 100] : 0
[2, 0, 39, 87] : 0
[3, 0, 39, 73] : 0
[4, 0, 39, 58] : 0
[0, 24, 33, 91] : 0
[0, 15, 33, 100] : 0
[1, 15, 33, 91] : 0
[0, 24, 20, 104] : 0
[1, 15, 20, 104] : 0
[2, 15, 20, 91] : 0
[3, 15, 20, 77] : 0
[0, 27, 44, 77] : 0
[0, 27, 35, 86] : 0
[1, 27, 35, 77] : 0
[2, 14, 35, 77] : 0
[0, 13, 35, 100] : 0
[1, 13, 35, 91] : 0
[0, 9, 35, 104] : 0
[0, 0, 35, 113] : 0
[1, 0, 35, 104] : 0
[2, 0, 35, 91] : 0
[3, 0, 35, 77] : 0
[0, 27, 29, 92] : 0
[0, 27, 20, 101] : 0
[1, 27, 20, 92] : 0
[0, 23, 33, 92] : 0
[0, 14, 42, 92] : 0
[1, 14, 33, 92] : 0
[2, 14, 20, 92] : 0
[0, 13, 34, 101] : 0
[1, 13, 34, 92] : 0
[0, 9, 34, 105] : 0
[0, 0, 34, 114] : 0
[1, 0, 34, 105] : 0
[2, 0, 34, 92] : 0
[0, 13, 29, 106] : 0
[0, 13, 20, 115] : 0
[1, 13, 20, 106] : 0
[0, 9, 33, 106] : 0
[0, 0, 33, 115] : 0
[1, 0, 33, 106] : 0
[0, 9, 20, 119] : 0
[0, 0, 29, 119] : 0
[0, 0, 20, 128] : 0
[1, 0, 20, 119] : 0
[2, 0, 20, 106] : 0
[3, 0, 20, 92] : 0
[4, 0, 20, 77] : 0
[5, 0, 20, 58] : 0
[2, 34, 14, 78] : 0
[3, 34, 0, 78] : 0
[2, 33, 15, 78] : 0
[0, 19, 38, 91] : 0
[1, 19, 29, 91] : 0
[2, 19, 29, 78] : 0
[0, 19, 24, 105] : 0
[0, 19, 15, 114] : 0
[1, 19, 15, 105] : 0
[2, 19, 15, 92] : 0
[3, 19, 15, 78] : 0
[0, 33, 22, 93] : 0
[0, 33, 13, 102] : 0
[1, 33, 13, 93] : 0
[2, 33, 0, 93] : 0
[0, 19, 36, 93] : 0
[0, 19, 27, 102] : 0
[1, 19, 27, 93] : 0
[0, 19, 23, 106] : 0
[0, 19, 14, 115] : 0
[1, 19, 14, 106] : 0
[2, 19, 14, 93] : 0
[0, 19, 22, 107] : 0
[0, 19, 13, 116] : 0
[1, 19, 13, 107] : 0
[0, 19, 9, 120] : 0
[0, 19, 0, 129] : 0
[1, 19, 0, 120] : 0
[2, 19, 0, 107] : 0
[3, 19, 0, 93] : 0
[4, 19, 0, 78] : 0
[2, 29, 19, 78] : 0
[2, 15, 33, 78] : 0
[2, 15, 19, 92] : 0
[3, 15, 19, 78] : 0
[0, 27, 34, 87] : 0
[1, 27, 34, 78] : 0
[2, 14, 34, 78] : 0
[3, 0, 34, 78] : 0
[0, 27, 19, 102] : 0
[1, 27, 19, 93] : 0
[0, 23, 19, 106] : 0
[1, 14, 19, 106] : 0
[2, 14, 19, 93] : 0
[0, 13, 33, 102] : 0
[1, 13, 33, 93] : 0
[0, 9, 46, 93] : 0
[0, 0, 46, 102] : 0
[1, 0, 46, 93] : 0
[2, 0, 33, 93] : 0
[0, 13, 19, 116] : 0
[1, 13, 19, 107] : 0
[0, 9, 32, 107] : 0
[0, 0, 32, 116] : 0
[1, 0, 32, 107] : 0
[0, 9, 19, 120] : 0
[0, 0, 19, 129] : 0
[1, 0, 19, 120] : 0
[2, 0, 19, 107] : 0
[3, 0, 19, 93] : 0
[4, 0, 19, 78] : 0
[2, 15, 0, 111] : 0
[3, 15, 0, 97] : 0
[0, 27, 24, 97] : 0
[0, 27, 15, 106] : 0
[1, 27, 15, 97] : 0
[2, 14, 15, 97] : 0
[0, 13, 38, 97] : 0
[1, 13, 29, 97] : 0
[0, 9, 29, 110] : 0
[0, 0, 38, 110] : 0
[1, 0, 29, 110] : 0
[2, 0, 29, 97] : 0
[0, 13, 24, 111] : 0
[0, 13, 15, 120] : 0
[1, 13, 15, 111] : 0
[0, 9, 15, 124] : 0
[0, 0, 24, 124] : 0
[0, 0, 15, 133] : 0
[1, 0, 15, 124] : 0
[2, 0, 15, 111] : 0
[3, 0, 15, 97] : 0
[0, 27, 9, 112] : 0
[0, 27, 0, 121] : 0
[1, 27, 0, 112] : 0
[0, 23, 13, 112] : 0
[0, 14, 22, 112] : 0
[0, 14, 13, 121] : 0
[1, 14, 13, 112] : 0
[2, 14, 0, 112] : 0
[0, 13, 23, 112] : 0
[0, 13, 14, 121] : 0
[1, 13, 14, 112] : 0
[0, 9, 27, 112] : 0
[0, 0, 36, 112] : 0
[0, 0, 27, 121] : 0
[1, 0, 27, 112] : 0
[0, 9, 14, 125] : 0
[0, 0, 23, 125] : 0
[0, 0, 14, 134] : 0
[1, 0, 14, 125] : 0
[2, 0, 14, 112] : 0
[0, 13, 9, 126] : 0
[0, 13, 0, 135] : 0
[1, 13, 0, 126] : 0
[0, 9, 13, 126] : 0
[0, 0, 22, 126] : 0
[0, 0, 13, 135] : 0
[1, 0, 13, 126] : 0
[0, 9, 0, 139] : 0
[0, 0, 9, 139] : 0
[0, 0, 0, 148] : 0
[1, 0, 0, 139] : 0
[2, 0, 0, 126] : 0
[3, 0, 0, 112] : 0
[4, 0, 0, 97] : 0
[5, 0, 0, 78] : 0
[6, 0, 0, 58] : 0
[7, 0, 0, 30] : 0
[8, 0, 0, 0] : 0
